0 0.019538402557373047 0.0527956485748291 0.015398979187011719
1 0.019968748092651367 0.020950794219970703 0.0158846378326416
2 0.01567387580871582 0.015896081924438477 0.016037702560424805
3 0.01610112190246582 0.025640487670898438 0.013087034225463867
4 0.018124103546142578 0.014505147933959961 0.015604972839355469
5 0.029191255569458008 0.004445075988769531 0.025072097778320312
6 0.019793272018432617 0.03087759017944336 0.020290851593017578
7 0.022266149520874023 0.02113795280456543 0.013814687728881836
8 0.021911144256591797 0.05277442932128906 0.013905525207519531
9 0.023281574249267578 0.01579427719116211 0.020180702209472656
10 0.037108421325683594 0.0171816349029541 0.023207426071166992
11 0.023300647735595703 0.03682279586791992 0.018014907836914062
12 0.022615432739257812 0.021494626998901367 0.012141704559326172
13 0.029962778091430664 0.021445751190185547 0.014094829559326172
14 0.0205538272857666 0.04223227500915527 0.016993284225463867
15 0.02106499671936035 0.02179098129272461 0.018871068954467773
16 0.018450021743774414 0.0527956485748291 0.015398979187011719
17 0.01856064796447754 0.021276235580444336 0.01579427719116211
18 0.03497767448425293 0.020789384841918945 0.017731666564941406
19 0.022785663604736328 0.04381060600280762 0.016803503036499023
20 0.01601099967956543 0.024842262268066406 0.018060684204101562
21 0.019814014434814453 0.02194046974182129 0.017785310745239258
22 0.014204978942871094 0.03445768356323242 0.018350601196289062
23 0.0 0.018227815628051758 0.019095420837402344
24 0.02247166633605957 0.048774003982543945 0.015398979187011719
25 0.018703460693359375 0.021825075149536133 0.013998031616210938
26 0.03725409507751465 0.023070335388183594 0.015807390213012695
27 0.020517349243164062 0.04211711883544922 0.017781972885131836
28 0.023919105529785156 0.018435955047607422 0.01924586296081543
29 0.011480569839477539 0.024480342864990234 0.019108295440673828
30 0.014756917953491211 0.014641523361206055 0.018693208694458008
31 0.019903182983398438 0.017719745635986328 0.0
32 0.02247166633605957 0.050781965255737305 0.01339101791381836
33 0.022576570510864258 0.023281574249267578 0.01579427719116211
34 0.034631967544555664 0.022731781005859375 0.0171816349029541
35 0.02848672866821289 0.04368019104003906 0.016119718551635742
36 0.020351648330688477 0.022550344467163086 0.01784062385559082
37 0.03426527976989746 0.019791841506958008 0.016164541244506836
38 0.019014596939086914 0.04777836799621582 0.016993284225463867
39 0.017055034637451172 0.02746868133544922 0.024613380432128906
40 0.019537925720214844 0.05078554153442383 0.01941537857055664
41 0.01977372169494629 0.020951509475708008 0.01589059829711914
42 0.01567387580871582 0.015896081924438477 0.009246826171875
43 0.0165407657623291 0.032071828842163086 0.01781463623046875
44 0.01666092872619629 0.009440183639526367 0.01504063606262207
45 0.014376163482666016 0.025072097778320312 0.006463050842285156
46 0.018438339233398438 0.032572031021118164 0.015822410583496094
47 0.021857738494873047 0.020260334014892578 0.010903120040893555
48 0.020458459854125977 0.04877734184265137 0.01740884780883789
49 0.020705699920654297 0.01856064796447754 0.020381450653076172
50 0.03200936317443848 0.02134227752685547 0.018410205841064453
51 0.024250268936157227 0.0411374568939209 0.02021169662475586
52 0.0020034313201904297 0.01644134521484375 0.015091896057128906
53 0.023422956466674805 0.015201807022094727 0.015126228332519531
54 0.0238492488861084 0.02321028709411621 0.017406463623046875
55 0.010903120040893555 0.01920914649963379 0.012437582015991211
56 0.020458459854125977 0.05078721046447754 0.015398979187011719
57 0.020545482635498047 0.02205348014831543 0.007914066314697266
58 0.040686607360839844 0.021764755249023438 0.015060663223266602
59 0.024655580520629883 0.04751133918762207 0.018124818801879883
60 0.018950462341308594 0.03177046775817871 0.014376163482666016
61 0.03208327293395996 0.021445751190185547 0.014094829559326172
62 0.019576072692871094 0.04022717475891113 0.016993284225463867
63 0.021549463272094727 0.023424148559570312 0.02005147933959961
64 0.019537925720214844 0.05480194091796875 0.015398979187011719
65 0.019710540771484375 0.018810272216796875 0.013998031616210938
66 0.03324294090270996 0.02094888687133789 0.016826629638671875
67 0.02033090591430664 0.04506707191467285 0.01751875877380371
68 0.015091896057128906 0.023919105529785156 0.01643228530883789
69 0.015201807022094727 0.022600889205932617 0.008223295211791992
70 0.020290851593017578 0.01966261863708496 0.017406463623046875
71 0.01863837242126465 0.009468793869018555 0.012437582015991211
72 0.020458459854125977 0.0527951717376709 0.01339101791381836
73 0.011403322219848633 0.023102521896362305 0.017458438873291016
74 0.023936986923217773 0.01617717742919922 0.012790441513061523
75 0.018124818801879883 0.026101112365722656 0.0
76 0.018614530563354492 0.012141704559326172 0.025072097778320312
77 0.014094829559326172 0.02525925636291504 0.0060307979583740234
78 0.018691301345825195 0.034890174865722656 0.011472463607788086
79 0.023344993591308594 0.014491558074951172 0.02361297607421875
80 0.02045893669128418 0.04676413536071777 0.01740884780883789
81 0.019710540771484375 0.018810272216796875 0.013998031616210938
82 0.030858993530273438 0.02405858039855957 0.020221710205078125
83 0.02254796028137207 0.04822802543640137 0.015778064727783203
84 0.02631378173828125 0.021111488342285156 0.018016576766967773
85 0.03082418441772461 0.022291898727416992 0.018075942993164062
86 0.004782438278198242 0.029045820236206055 0.0031175613403320312
87 0.011472463607788086 0.02714991569519043 0.0030074119567871094
88 0.021911144256591797 0.04876136779785156 0.01138448715209961
89 0.02057194709777832 0.021382570266723633 0.0018990039825439453
90 0.050000667572021484 0.01815652847290039 0.014791488647460938
91 0.027573823928833008 0.036467790603637695 0.017153501510620117
92 0.01860666275024414 0.020064830780029297 0.017580270767211914
93 0.032082557678222656 0.02244853973388672 0.011501312255859375
94 0.0205538272857666 0.04223227500915527 0.018997907638549805
95 0.021030664443969727 0.02564525604248047 0.014491558074951172
96 0.022467374801635742 0.04877352714538574 0.01339101791381836
97 0.01990032196044922 0.022052288055419922 0.005909442901611328
98 0.040754079818725586 0.02132439613342285 0.01651453971862793
99 0.023181676864624023 0.04550433158874512 0.016119718551635742
100 0.01924586296081543 0.022485971450805664 0.01660943031311035
101 0.03011155128479004 0.02141571044921875 0.01876378059387207
102 0.01901388168334961 0.0416264533996582 0.017349958419799805
103 0.02020549774169922 0.022062301635742188 0.016923904418945312
104 0.01591181755065918 0.015807151794433594 0.011797904968261719
105 0.026062965393066406 0.003904581069946289 0.03079676628112793
106 0.03135228157043457 0.018041372299194336 0.01980447769165039
107 0.02023029327392578 0.04167318344116211 0.018124818801879883
108 0.020351648330688477 0.020545005798339844 0.019845962524414062
109 0.01993417739868164 0.019793033599853516 0.016759634017944336
110 0.01901388168334961 0.0416264533996582 0.020260334014892578
111 0.02071094512939453 0.021556854248046875 0.017951488494873047
112 0.019771575927734375 0.03099226951599121 0.01759791374206543
113 0.025142908096313477 0.019001007080078125 0.024053096771240234
114 0.022874116897583008 0.014783143997192383 0.010955333709716797
115 0.0 0.03069472312927246 0.01582479476928711
116 0.012141704559326172 0.022467374801635742 0.009067773818969727
117 0.016164541244506836 0.025203466415405273 0.011689424514770508
118 0.018691301345825195 0.034890174865722656 0.011472463607788086
119 0.008086442947387695 0.0285642147064209 0.01847553253173828
120 0.012814044952392578 0.011016845703125 0.007616758346557617
121 0.011401176452636719 0.024248600006103516 0.018756628036499023
122 0.03339219093322754 0.018014907836914062 0.015604972839355469
123 0.022550344467163086 0.019585132598876953 0.025072097778320312
124 0.019793272018432617 0.01816868782043457 0.019066572189331055
125 0.0349733829498291 0.021993637084960938 0.01582169532775879
126 0.020352840423583984 0.038939476013183594 0.01827526092529297
127 0.019863367080688477 0.02084064483642578 0.014137983322143555
128 0.023796558380126953 0.022871017456054688 0.010491609573364258
129 0.019439220428466797 0.034842729568481445 0.018796682357788086
130 0.022021770477294922 0.02096271514892578 0.012847900390625
131 0.018271207809448242 0.021433353424072266 0.017223119735717773
132 0.027106761932373047 0.023588895797729492 0.01831650733947754
133 0.020101308822631836 0.025979995727539062 0.017766952514648438
134 0.02582073211669922 0.018988609313964844 0.02123403549194336
135 0.016790390014648438 0.018095016479492188 0.013373374938964844
136 0.03326916694641113 0.0218808650970459 0.012491226196289062
137 0.021444082260131836 0.036847591400146484 0.009975671768188477
138 0.01879429817199707 0.02096080780029297 0.01485443115234375
139 0.01858830451965332 0.01741504669189453 0.020739316940307617
140 0.01942753791809082 0.03545880317687988 0.0172879695892334
141 0.021166324615478516 0.021143674850463867 0.014208793640136719
142 0.02199578285217285 0.024187088012695312 0.016085386276245117
143 0.015328645706176758 0.035996437072753906 0.016124486923217773
144 0.02361297607421875 0.016309261322021484 0.020265817642211914
145 0.01951432228088379 0.01885223388671875 0.015672683715820312
146 0.012847900390625 0.02472853660583496 0.014832019805908203
147 0.020739316940307617 0.018167972564697266 0.019471406936645508
148 0.03513789176940918 0.018665075302124023 0.01757359504699707
149 0.019725561141967773 0.022884607315063477 0.017038583755493164
150 0.016085386276245117 0.026862382888793945 0.015774011611938477
151 0.03822183609008789 0.022401809692382812 0.011083126068115234
152 0.021609067916870117 0.018313169479370117 0.012393474578857422
153 0.020148038864135742 0.028963088989257812 0.009403467178344727
154 0.018864154815673828 0.021907329559326172 0.006833076477050781
155 0.019621849060058594 0.02008342742919922 0.011260032653808594
156 0.03513789176940918 0.018665075302124023 0.01757359504699707
157 0.01960134506225586 0.02032184600830078 0.019769906997680664
158 0.024858474731445312 0.021098613739013672 0.0
159 0.03779888153076172 0.018991947174072266 0.014955997467041016
160 0.026108503341674805 0.020265817642211914 0.015842676162719727
161 0.015658140182495117 0.029676437377929688 0.015672683715820312
162 0.019245624542236328 0.010820150375366211 0.017946958541870117
163 0.01807689666748047 0.011260032653808594 0.015803813934326172
164 0.020001888275146484 0.03352475166320801 0.013790607452392578
165 0.02009272575378418 0.0193328857421875 0.017473220825195312
166 0.021601200103759766 0.022336721420288086 0.014940738677978516
167 0.03165888786315918 0.030242443084716797 0.018198490142822266
168 0.017333507537841797 0.019743919372558594 0.007872343063354492
169 0.01951432228088379 0.03452491760253906 0.0
170 0.01485443115234375 0.023911714553833008 0.004828691482543945
171 0.020739316940307617 0.018167972564697266 0.015548229217529297
172 0.022271156311035156 0.02952718734741211 0.01757359504699707
173 0.020535945892333984 0.02288365364074707 0.015034198760986328
174 0.020588159561157227 0.017633438110351562 0.01920008659362793
175 0.03086090087890625 0.028573274612426758 0.015162467956542969
176 0.014584064483642578 0.02028036117553711 0.01652836799621582
177 0.009403467178344727 0.03250694274902344 0.0
178 0.018519163131713867 0.02304673194885254 0.00945281982421875
179 0.020739316940307617 0.015872478485107422 0.01784372329711914
180 0.03513789176940918 0.018665075302124023 0.01757359504699707
181 0.017707109451293945 0.02288365364074707 0.0321192741394043
182 0.01959538459777832 0.022192716598510742 0.017090559005737305
183 0.03822183609008789 0.019300222396850586 0.014184713363647461
184 0.018365859985351562 0.02204608917236328 0.017434120178222656
185 0.019693851470947266 0.03425431251525879 0.018453598022460938
186 0.015437602996826172 0.01820659637451172 0.01852703094482422
187 0.019191265106201172 0.01356053352355957 0.0
188 0.02708148956298828 0.020233869552612305 0.01756453514099121
189 0.01906871795654297 0.022486209869384766 0.012317895889282227
190 0.01749873161315918 0.025137662887573242 0.0033206939697265625
191 0.023305892944335938 0.03348493576049805 0.014955997467041016
192 0.028497934341430664 0.020823001861572266 0.01883697509765625
193 0.019550085067749023 0.03832650184631348 0.018955469131469727
194 0.01624894142150879 0.014040470123291016 0.022477149963378906
195 0.019191265106201172 0.01356053352355957 0.014438867568969727
196 0.020464420318603516 0.03135514259338379 0.0
197 0.01835942268371582 0.021094083786010742 0.01604604721069336
198 0.01920008659362793 0.012935876846313477 0.0
199 0.03165888786315918 0.030242443084716797 0.018198490142822266
200 0.026054859161376953 0.02126026153564453 0.01683640480041504
201 0.020081520080566406 0.03872203826904297 0.01602005958557129
202 0.01947188377380371 0.020940065383911133 0.017028093338012695
203 0.017157554626464844 0.022733211517333984 0.019428491592407227
204 0.032138824462890625 0.020101308822631836 0.01958012580871582
205 0.013520956039428711 0.025115013122558594 0.01944732666015625
206 0.015643835067749023 0.016571044921875 0.01482391357421875
207 0.04202556610107422 0.019908666610717773 0.012437582015991211
208 0.019439697265625 0.02186751365661621 0.01798844337463379
209 0.020484447479248047 0.038726091384887695 0.018965959548950195
210 0.014040470123291016 0.024204254150390625 0.018224477767944336
211 0.0035066604614257812 0.01356053352355957 0.014438867568969727
212 0.018457889556884766 0.031520843505859375 0.001840829849243164
213 0.01886892318725586 0.015935182571411133 0.021286487579345703
214 0.015522480010986328 0.012935876846313477 0.015643835067749023
215 0.03165888786315918 0.03348493576049805 0.014955997467041016
216 0.037476301193237305 0.021868467330932617 0.017986774444580078
217 0.02046370506286621 0.036968231201171875 0.016858816146850586
218 0.020138263702392578 0.021103620529174805 0.015866994857788086
219 0.018520355224609375 0.02233123779296875 0.02161574363708496
220 0.016358375549316406 0.03166341781616211 0.017156124114990234
221 0.027118444442749023 0.02942824363708496 0.018430471420288086
222 0.016571044921875 0.01482391357421875 0.015659332275390625
223 0.03348493576049805 0.024461030960083008 0.012845754623413086
224 0.01944255828857422 0.022661685943603516 0.018144607543945312
225 0.018453598022460938 0.037499189376831055 0.018488645553588867
226 0.020275354385375977 0.01942920684814453 0.017223119735717773
227 0.01942753791809082 0.021617412567138672 0.018576622009277344
228 0.020101308822631836 0.03974032402038574 0.01613593101501465
229 0.017640113830566406 0.026465415954589844 0.018525123596191406
230 0.015659332275390625 0.0 0.025048494338989258
231 0.037306785583496094 0.006090641021728516 0.016521453857421875
232 0.024669647216796875 0.018144607543945312 0.01951432228088379
233 0.0222780704498291 0.0343480110168457 0.017241477966308594
234 0.01904439926147461 0.01961207389831543 0.01807689666748047
235 0.01961350440979004 0.022271156311035156 0.01752018928527832
236 0.03418278694152832 0.024337053298950195 0.018088579177856445
237 0.03823971748352051 0.021546363830566406 0.017854928970336914
238 0.024943828582763672 0.021703004837036133 0.017384767532348633
239 0.03068399429321289 0.0 0.01834249496459961
240 0.018123388290405273 0.02065896987915039 0.012331962585449219
241 0.02498912811279297 0.0298001766204834 0.006833076477050781
242 0.017871379852294922 0.015947580337524414 0.01807689666748047
243 0.021584510803222656 0.020320892333984375 0.014014720916748047
244 0.03217959403991699 0.022330760955810547 0.01735234260559082
245 0.020020008087158203 0.022148609161376953 0.018123865127563477
246 0.015328645706176758 0.02091503143310547 0.02119302749633789
247 0.020778656005859375 0.01559758186340332 0.02082514762878418
248 0.03219962120056152 0.022981643676757812 0.01738762855529785
249 0.018271446228027344 0.034645795822143555 0.01603984832763672
250 0.021327733993530273 0.02699875831604004 0.020457983016967773
251 0.02216339111328125 0.022164583206176758 0.015703439712524414
252 0.022187471389770508 0.048125505447387695 0.01749873161315918
253 0.023456811904907227 0.021111011505126953 0.0126953125
254 0.02082514762878418 0.009858846664428711 0.01562976837158203
255 0.03586983680725098 0.012529373168945312 0.012105226516723633
256 0.012437582015991211 0.03252530097961426 0.015766143798828125
257 0.017911672592163086 0.0167844295501709 0.018132448196411133
258 0.022983074188232422 0.023030519485473633 0.008504152297973633
259 0.028396129608154297 0.03444981575012207 0.015545368194580078
260 0.020335912704467773 0.01417851448059082 0.016449451446533203
261 0.030930757522583008 0.013254642486572266 0.013798952102661133
262 0.02100372314453125 0.04245448112487793 0.021760225296020508
263 0.022983312606811523 0.023128032684326172 0.01679253578186035
264 0.015766143798828125 0.01559758186340332 0.01882171630859375
265 0.016222476959228516 0.017634868621826172 0.012670040130615234
266 0.02525043487548828 0.023030519485473633 0.008504152297973633
267 0.01952195167541504 0.018967866897583008 0.016097307205200195
268 0.03207874298095703 0.022344350814819336 0.01417851448059082
269 0.031464576721191406 0.019642353057861328 0.006587505340576172
270 0.020383119583129883 0.02088451385498047 0.0379183292388916
271 0.022423267364501953 0.020804405212402344 0.016417741775512695
272 0.02530956268310547 0.03641200065612793 0.019606828689575195
273 0.018184423446655273 0.030254840850830078 0.02053999900817871
274 0.03653311729431152 0.02163076400756836 0.01810932159423828
275 0.016030550003051758 0.050343990325927734 0.0165560245513916
276 0.0 0.03333425521850586 0.0
277 0.01327657699584961 0.01934528350830078 0.019428491592407227
278 0.01840996742248535 0.035325050354003906 0.01914811134338379
279 0.012099027633666992 0.015580415725708008 0.020849943161010742
280 0.02530956268310547 0.04001951217651367 0.0180056095123291
281 0.016069650650024414 0.02271890640258789 0.01676154136657715
282 0.030016660690307617 0.025495529174804688 0.024113178253173828
283 0.017127513885498047 0.031055927276611328 0.014189720153808594
284 0.013826847076416016 0.019919872283935547 0.012197494506835938
285 0.024224042892456055 0.013798952102661133 0.018703937530517578
286 0.036127567291259766 0.04062294960021973 0.01344609260559082
287 0.022106409072875977 0.021887779235839844 0.012099027633666992
288 0.017132282257080078 0.02257251739501953 0.03222489356994629
289 0.030190229415893555 0.020255565643310547 0.01853346824645996
290 0.03313255310058594 0.021631717681884766 0.018292903900146484
291 0.018364667892456055 0.026479005813598633 0.01591324806213379
292 0.012197494506835938 0.0 0.015065431594848633
293 0.0270535945892334 0.018703937530517578 0.0
294 0.02149510383605957 0.0406794548034668 0.016228437423706055
295 0.02010178565979004 0.021887779235839844 0.012099027633666992
296 0.016997575759887695 0.0234375 0.014362335205078125
297 0.019724130630493164 0.016438722610473633 0.01857161521911621
298 0.03801441192626953 0.023437023162841797 0.01952195167541504
299 0.020842790603637695 0.02175116539001465 0.042478322982788086
300 0.01724982261657715 0.019515514373779297 0.015774965286254883
301 0.027796030044555664 0.015151739120483398 0.02364206314086914
302 0.01914238929748535 0.04042673110961914 0.019026756286621094
303 0.016889572143554688 0.02580571174621582 0.01642012596130371
304 0.022814273834228516 0.021434783935546875 0.01636648178100586
305 0.030254840850830078 0.022544384002685547 0.016249418258666992
306 0.04450654983520508 0.021386146545410156 0.01209878921508789
307 0.018751859664916992 0.02424931526184082 0.03661346435546875
308 0.017780303955078125 0.023707151412963867 0.017636537551879883
309 0.030066728591918945 0.02100372314453125 0.019488096237182617
310 0.018665075302124023 0.044446706771850586 0.018801450729370117
311 0.019859790802001953 0.021059274673461914 0.02602982521057129
312 0.02257251739501953 0.01986837387084961 0.03336596488952637
313 0.02317190170288086 0.02200603485107422 0.0163266658782959
314 0.05142664909362793 0.027542829513549805 0.018967866897583008
315 0.019716262817382812 0.04429340362548828 0.01632523536682129
316 0.01947641372680664 0.021599531173706055 0.017551660537719727
317 0.030613183975219727 0.016963481903076172 0.01935100555419922
318 0.020669221878051758 0.044446706771850586 0.018801450729370117
319 0.020226001739501953 0.02113509178161621 0.020366430282592773
320 0.024576902389526367 0.02161431312561035 0.020630836486816406
321 0.020771503448486328 0.02039647102355957 0.018146038055419922
322 0.03234267234802246 0.021428823471069336 0.01648426055908203
323 0.01984238624572754 0.020746946334838867 0.040102481842041016
324 0.020888566970825195 0.019510984420776367 0.018043041229248047
325 0.023413419723510742 0.021188735961914062 0.017774105072021484
326 0.019524097442626953 0.03583836555480957 0.013078689575195312
327 0.018713712692260742 0.016754865646362305 0.013060808181762695
328 0.021399974822998047 0.021613121032714844 0.0196533203125
329 0.020771503448486328 0.02240157127380371 0.01614093780517578
330 0.03508925437927246 0.02344226837158203 0.02237701416015625
331 0.019947290420532227 0.014703989028930664 0.04517555236816406
332 0.02008199691772461 0.021480321884155273 0.017850637435913086
333 0.03353261947631836 0.02364206314086914 0.018053770065307617
334 0.0161895751953125 0.037218570709228516 0.018393278121948242
335 0.024388551712036133 0.01786041259765625 0.01211404800415039
336 0.019393444061279297 0.021613359451293945 0.017586231231689453
337 0.019724130630493164 0.021692752838134766 0.016567230224609375
338 0.03436088562011719 0.022287368774414062 0.018017053604125977
339 0.03005218505859375 0.05382370948791504 0.015103816986083984
340 0.018077850341796875 0.021480321884155273 0.019595623016357422
341 0.040178537368774414 0.022008180618286133 0.016963481903076172
342 0.01774311065673828 0.0327303409576416 0.016660213470458984
343 0.020849943161010742 0.014465093612670898 0.011667728424072266
344 0.0234375 0.021451473236083984 0.017556428909301758
345 0.02054119110107422 0.02025914192199707 0.01405954360961914
346 0.04003119468688965 0.006479501724243164 0.02235102653503418
347 0.034087181091308594 0.020335912704467773 0.01417851448059082
348 0.020220041275024414 0.019623517990112305 0.0
349 0.033017873764038086 0.021361827850341797 0.017080068588256836
350 0.017778873443603516 0.022983312606811523 0.036505937576293945
351 0.020426273345947266 0.02268671989440918 0.026340723037719727
352 0.02010035514831543 0.019114971160888672 0.011649847030639648
353 0.021821260452270508 0.017411231994628906 0.014902591705322266
354 0.0331418514251709 0.021386146545410156 0.01209878921508789
355 0.018751859664916992 0.034087181091308594 0.034514427185058594
356 0.019855976104736328 0.021300554275512695 0.016537904739379883
357 0.03158211708068848 0.024230241775512695 0.019324064254760742
358 0.020422697067260742 0.04323458671569824 0.01278543472290039
359 0.02150750160217285 0.021127939224243164 0.01666569709777832
360 0.01660442352294922 0.016222476959228516 0.03576779365539551
361 0.01405954360961914 0.019833803176879883 0.019618749618530273
362 0.04782366752624512 0.01209878921508789 0.02235102653503418
363 0.020913124084472656 0.03250932693481445 0.016449451446533203
364 0.01996135711669922 0.022219419479370117 0.0020046234130859375
365 0.03402400016784668 0.024370193481445312 0.01819896697998047
366 0.02041769027709961 0.043172597885131836 0.018934011459350586
367 0.019502878189086914 0.02186441421508789 0.015929222106933594
368 0.016222476959228516 0.018222570419311523 0.03007984161376953
369 0.014578819274902344 0.0020532608032226562 0.014668464660644531
370 0.019710779190063477 0.030529022216796875 0.014170169830322266
371 0.018330812454223633 0.030627965927124023 0.013509988784790039
372 0.013254642486572266 0.013798952102661133 0.018703937530517578
373 0.03311276435852051 0.02512645721435547 0.015721797943115234
374 0.02184772491455078 0.032240867614746094 0.015580415725708008
375 0.02433323860168457 0.019767045974731445 0.014943361282348633
376 0.014902591705322266 0.016632080078125 0.0
377 0.01840066909790039 0.01209878921508789 0.02235102653503418
378 0.042478322982788086 0.020461320877075195 0.013826847076416016
379 0.018458843231201172 0.019968032836914062 0.013254642486572266
380 0.018535852432250977 0.025101900100708008 0.01804375648498535
381 0.03643035888671875 0.02080368995666504 0.01842212677001953
382 0.021633148193359375 0.03889751434326172 0.01727604866027832
383 0.02106761932373047 0.05085301399230957 0.015799283981323242
384 0.02998828887939453 0.0230100154876709 0.02280426025390625
385 0.02106761932373047 0.0547327995300293 0.02234816551208496
386 0.028849124908447266 0.019653797149658203 0.018515348434448242
387 0.01583576202392578 0.0285186767578125 0.01539921760559082
388 0.017001628875732422 0.033115386962890625 0.01701521873474121
389 0.020445585250854492 0.01786494255065918 0.003792285919189453
390 0.03046274185180664 0.023992300033569336 0.014994382858276367
391 0.02007293701171875 0.04226970672607422 0.01009225845336914
392 0.05252647399902344 0.019904136657714844 0.01277780532836914
393 0.022226572036743164 0.03803420066833496 0.012359142303466797
394 0.02237987518310547 0.020532846450805664 0.01783585548400879
395 0.03290271759033203 0.019943714141845703 0.015273809432983398
396 0.021083354949951172 0.03611111640930176 0.017650604248046875
397 0.021324872970581055 0.024663925170898438 0.03797554969787598
398 0.03107738494873047 0.020829439163208008 0.01589202880859375
399 0.007127285003662109 0.04998064041137695 0.014562845230102539
400 0.03174424171447754 0.016016244888305664 0.016110658645629883
401 0.029080867767333984 0.03873896598815918 0.016716718673706055
402 0.02263784408569336 0.021847963333129883 0.01842355728149414
403 0.03208661079406738 0.023204326629638672 0.019812345504760742
404 0.018663883209228516 0.037930965423583984 0.021533966064453125
405 0.0246737003326416 0.0221250057220459 0.018817424774169922
406 0.0323641300201416 0.02291083335876465 0.017600059509277344
407 0.022670269012451172 0.0353243350982666 0.006548881530761719
408 0.031217098236083984 0.012154817581176758 0.019167661666870117
409 0.019458293914794922 0.041521549224853516 0.01728367805480957
410 0.01961684226989746 0.024849653244018555 0.0164339542388916
411 0.03175640106201172 0.023828744888305664 0.015932559967041016
412 0.03570890426635742 0.03685307502746582 0.018225431442260742
413 0.016054153442382812 0.03106403350830078 0.016876935958862305
414 0.027232646942138672 0.021994352340698242 0.016995906829833984
415 0.017584800720214844 0.02470707893371582 0.022565126419067383
416 0.0246124267578125 0.028888463973999023 0.01819324493408203
417 0.024681806564331055 0.03651261329650879 0.014447212219238281
418 0.01755046844482422 0.01861572265625 0.019828319549560547
419 0.038312435150146484 0.00911402702331543 0.01853013038635254
420 0.021204233169555664 0.04096245765686035 0.015886306762695312
421 0.025940656661987305 0.02588343620300293 0.01953434944152832
422 0.03650331497192383 0.025858402252197266 0.014689207077026367
423 0.00855112075805664 0.04635262489318848 0.01607203483581543
424 0.04195094108581543 0.024298429489135742 0.013074398040771484
425 0.02547430992126465 0.03772592544555664 0.018517494201660156
426 0.021484851837158203 0.01678919792175293 0.015979290008544922
427 0.036313772201538086 0.011112689971923828 0.01853013038635254
428 0.02452707290649414 0.04286599159240723 0.013982772827148438
429 0.019894838333129883 0.027220487594604492 0.019808292388916016
430 0.03276848793029785 0.02433609962463379 0.018174171447753906
431 0.025174379348754883 0.03550553321838379 0.012473106384277344
432 0.016857624053955078 0.01819324493408203 0.013074398040771484
433 0.019792556762695312 0.03394269943237305 0.013478517532348633
434 0.022236347198486328 0.01755046844482422 0.01861572265625
435 0.0333247184753418 0.01760721206665039 0.023606300354003906
436 0.0207366943359375 0.04555773735046387 0.018254756927490234
437 0.033966779708862305 0.019793987274169922 0.017493486404418945
438 0.03499412536621094 0.021907567977905273 0.024266481399536133
439 0.01055455207824707 0.04635262489318848 0.012325286865234375
440 0.031267642974853516 0.020915746688842773 0.015091657638549805
441 0.02147054672241211 0.0348963737487793 0.012367486953735352
442 0.016419172286987305 0.021196365356445312 0.017620563507080078
443 0.03803062438964844 0.021533966064453125 0.006080150604248047
444 0.01983499526977539 0.042391300201416016 0.018254756927490234
445 0.019143342971801758 0.02288341522216797 0.015816450119018555
446 0.03850722312927246 0.020398378372192383 0.02014923095703125
447 0.014562845230102539 0.044348716735839844 0.016331195831298828
448 0.031267642974853516 0.017916202545166016 0.01309823989868164
449 0.024247407913208008 0.03199601173400879 0.015840530395507812
450 0.01755046844482422 0.01861572265625 0.01466822624206543
451 0.03409099578857422 0.0234224796295166 0.011112689971923828
452 0.021175861358642578 0.04073190689086914 0.0213320255279541
453 0.01714158058166504 0.0226442813873291 0.01798725128173828
454 0.030358552932739258 0.024364709854125977 0.016139745712280273
455 0.026680946350097656 0.03131365776062012 0.006548881530761719
456 0.03651571273803711 0.020244121551513672 0.018770933151245117
457 0.018267154693603516 0.03854727745056152 0.017827510833740234
458 0.024277925491333008 0.02220916748046875 0.016094684600830078
459 0.031423330307006836 0.01869368553161621 0.01701521873474121
460 0.02025747299194336 0.03809618949890137 0.0
461 0.021539688110351562 0.013856649398803711 0.014994382858276367
462 0.03654646873474121 0.0220792293548584 0.012182474136352539
463 0.01514744758605957 0.03551912307739258 0.010013341903686523
464 0.036910295486450195 0.025873184204101562 0.018458843231201172
465 0.020917892456054688 0.03605175018310547 0.01626276969909668
466 0.01583576202392578 0.025290966033935547 0.018626928329467773
467 0.015629291534423828 0.017001628875732422 0.014421701431274414
468 0.020052671432495117 0.03828573226928711 0.016089677810668945
469 0.017493486404418945 0.019808292388916016 0.018174409866333008
470 0.03480815887451172 0.025683879852294922 0.016826391220092773
471 0.006548881530761719 0.04635262489318848 0.01607203483581543
472 0.05891871452331543 0.018787622451782227 0.024681806564331055
473 0.017251014709472656 0.04448580741882324 0.01842355728149414
474 0.024174928665161133 0.023186206817626953 0.01881718635559082
475 0.03093099594116211 0.023324966430664062 0.018636703491210938
476 0.020655155181884766 0.049474239349365234 0.01569080352783203
477 0.021184921264648438 0.022616863250732422 0.019748210906982422
478 0.04246258735656738 0.021283626556396484 0.018291234970092773
479 0.016134023666381836 0.01582789421081543 0.0
480 0.06297612190246582 0.018787622451782227 0.01927471160888672
481 0.020519733428955078 0.04038047790527344 0.015865564346313477
482 0.021822690963745117 0.019943714141845703 0.015273809432983398
483 0.031516075134277344 0.021488428115844727 0.014664888381958008
484 0.022106647491455078 0.03507876396179199 0.018932819366455078
485 0.018499135971069336 0.020570993423461914 0.013365507125854492
486 0.024130582809448242 0.015915393829345703 0.012159109115600586
487 0.021747350692749023 0.022486209869384766 0.0030057430267333984
488 0.054491519927978516 0.02321481704711914 0.01577901840209961
489 0.021640539169311523 0.03836870193481445 0.01842355728149414
490 0.02016592025756836 0.022791624069213867 0.01654815673828125
491 0.03098583221435547 0.023180246353149414 0.016860246658325195
492 0.020700931549072266 0.036792755126953125 0.016824960708618164
493 0.01905035972595215 0.024306774139404297 0.019025564193725586
494 0.023841381072998047 0.019735336303710938 0.019542932510375977
495 0.015735864639282227 0.0156707763671875 0.0
496 0.04689764976501465 0.020212411880493164 0.013730287551879883
497 0.01783466339111328 0.03761553764343262 0.017620563507080078
498 0.025194644927978516 0.016013145446777344 0.01853013038635254
499 0.036299705505371094 0.020052671432495117 0.016279220581054688
