0 0.021044492721557617 0.051062583923339844 0.01581406593322754
1 0.022031068801879883 0.024631261825561523 0.017239093780517578
2 0.031964778900146484 0.02211284637451172 0.018924474716186523
3 0.021133899688720703 0.044670820236206055 0.021102190017700195
4 0.020760059356689453 0.023238420486450195 0.020302534103393555
5 0.07977557182312012 0.02609992027282715 0.0203092098236084
6 0.023846149444580078 0.04981637001037598 0.021374225616455078
7 0.020479202270507812 0.024165868759155273 0.02013373374938965
8 0.0422666072845459 0.027204036712646484 0.024759292602539062
9 0.024670839309692383 0.04817485809326172 0.021691560745239258
10 0.020314931869506836 0.022342920303344727 0.019510269165039062
11 0.021768808364868164 0.021707773208618164 0.018953561782836914
12 0.02230358123779297 0.06179976463317871 0.021288394927978516
13 0.02196335792541504 0.027555227279663086 0.022620201110839844
14 0.0199737548828125 0.02321457862854004 0.01772332191467285
15 0.021446704864501953 0.038831233978271484 0.018681049346923828
16 0.023565292358398438 0.05409407615661621 0.018206357955932617
17 0.022035598754882812 0.022415637969970703 0.017341136932373047
18 0.0442655086517334 0.022025108337402344 0.020505666732788086
19 0.021671533584594727 0.05711674690246582 0.01980733871459961
20 0.022518396377563477 0.028225183486938477 0.018452167510986328
21 0.02330923080444336 0.024672508239746094 0.017569303512573242
22 0.026840925216674805 0.05596494674682617 0.016977787017822266
23 0.023701190948486328 0.01798701286315918 0.021118879318237305
24 0.03339242935180664 0.02951812744140625 0.020656108856201172
25 0.026900529861450195 0.04231667518615723 0.019463539123535156
26 0.018306970596313477 0.022205829620361328 0.018204927444458008
27 0.023271799087524414 0.02424001693725586 0.01919078826904297
28 0.032758235931396484 0.025515317916870117 0.0168917179107666
29 0.023846149444580078 0.023638010025024414 0.018601655960083008
30 0.017304658889770508 0.02556157112121582 0.015224456787109375
31 0.02777576446533203 0.0247652530670166 0.005554914474487305
32 0.02068924903869629 0.055068254470825195 0.01927018165588379
33 0.02262425422668457 0.028071880340576172 0.018689870834350586
34 0.03921151161193848 0.025444984436035156 0.0197603702545166
35 0.020843505859375 0.061578989028930664 0.018588542938232422
36 0.02128314971923828 0.027456998825073242 0.019542694091796875
37 0.05054950714111328 0.032772064208984375 0.020516633987426758
38 0.03234744071960449 0.05044817924499512 0.019153594970703125
39 0.01804518699645996 0.02625441551208496 0.0181734561920166
40 0.04453682899475098 0.021423816680908203 0.025005578994750977
41 0.020918846130371094 0.04681062698364258 0.0187227725982666
42 0.02239680290222168 0.023013830184936523 0.0194246768951416
43 0.02466559410095215 0.022336959838867188 0.018169641494750977
44 0.019232988357543945 0.03744816780090332 0.020201444625854492
45 0.0203704833984375 0.02129983901977539 0.020751237869262695
46 0.015692710876464844 0.014523029327392578 0.007535696029663086
47 0.038344383239746094 0.014710426330566406 0.0156097412109375
48 0.0234835147857666 0.050750017166137695 0.01855301856994629
49 0.022485017776489258 0.024407386779785156 0.017199039459228516
50 0.03618431091308594 0.023096084594726562 0.018740177154541016
51 0.02498316764831543 0.061094045639038086 0.018690109252929688
52 0.023288726806640625 0.028884410858154297 0.018947362899780273
53 0.0394282341003418 0.026229381561279297 0.022705554962158203
54 0.02439093589782715 0.05243372917175293 0.018169403076171875
55 0.022234201431274414 0.023844242095947266 0.0186922550201416
56 0.038179874420166016 0.04454326629638672 0.027138471603393555
57 0.02162337303161621 0.04829120635986328 0.019873619079589844
58 0.020635128021240234 0.023342370986938477 0.01750493049621582
59 0.023798465728759766 0.021863460540771484 0.020105361938476562
60 0.024792194366455078 0.057471275329589844 0.020802021026611328
61 0.02015852928161621 0.0220186710357666 0.020106077194213867
62 0.020760536193847656 0.023447036743164062 0.01927661895751953
63 0.021037817001342773 0.038411855697631836 0.016765356063842773
64 0.020486116409301758 0.04999542236328125 0.018004417419433594
65 0.028316974639892578 0.021094083786010742 0.014407634735107422
66 0.04178905487060547 0.022908687591552734 0.019216299057006836
67 0.021648168563842773 0.03241848945617676 0.020255565643310547
68 0.02438950538635254 0.024386882781982422 0.017187833786010742
69 0.03722834587097168 0.021666765213012695 0.019762516021728516
70 0.0242002010345459 0.04135441780090332 0.01922917366027832
71 0.01804518699645996 0.02625441551208496 0.0181734561920166
72 0.025139570236206055 0.022681474685668945 0.017406225204467773
73 0.025314807891845703 0.04616904258728027 0.022382497787475586
74 0.01892542839050293 0.04957079887390137 0.018196821212768555
75 0.021000146865844727 0.025732755661010742 0.021213769912719727
76 0.02785515785217285 0.042428016662597656 0.01857900619506836
77 0.019994497299194336 0.022404909133911133 0.01819634437561035
78 0.02321457862854004 0.020847320556640625 0.014519691467285156
79 0.03923940658569336 0.018212318420410156 0.016375303268432617
80 0.05575108528137207 0.03821396827697754 0.006232738494873047
81 0.022690773010253906 0.0236971378326416 0.019035816192626953
82 0.041510820388793945 0.027870655059814453 0.017440319061279297
83 0.021578311920166016 0.07082271575927734 0.017073392868041992
84 0.023288726806640625 0.025171518325805664 0.017221689224243164
85 0.047551631927490234 0.027085542678833008 0.024212121963500977
86 0.024343490600585938 0.06951522827148438 0.018038272857666016
87 0.02205348014831543 0.022893428802490234 0.02066636085510254
88 0.029538869857788086 0.026940345764160156 0.020587682723999023
89 0.02341914176940918 0.04628562927246094 0.020972490310668945
90 0.022016286849975586 0.0241086483001709 0.01849222183227539
91 0.02511739730834961 0.023782730102539062 0.022691726684570312
92 0.029953956604003906 0.05677342414855957 0.01439046859741211
93 0.030548095703125 0.023411273956298828 0.019195079803466797
94 0.012583017349243164 0.025075197219848633 0.01725172996520996
95 0.02777576446533203 0.0247652530670166 0.016095876693725586
96 0.02138042449951172 0.05441427230834961 0.01803445816040039
97 0.020513057708740234 0.02622056007385254 0.0197446346282959
98 0.038474082946777344 0.024524927139282227 0.01982736587524414
99 0.019937515258789062 0.04632568359375 0.021544456481933594
100 0.02176642417907715 0.024438858032226562 0.019089937210083008
101 0.03469729423522949 0.026766061782836914 0.025513172149658203
102 0.0269930362701416 0.05360913276672363 0.0209352970123291
103 0.023350000381469727 0.024239063262939453 0.018370628356933594
104 0.025214433670043945 0.028259754180908203 0.01951146125793457
105 0.023916959762573242 0.05251646041870117 0.024539947509765625
106 0.020235300064086914 0.021483659744262695 0.019510984420776367
107 0.023084640502929688 0.02404499053955078 0.018932342529296875
108 0.020724058151245117 0.06128716468811035 0.018726825714111328
109 0.021188974380493164 0.024430513381958008 0.01970052719116211
110 0.026776552200317383 0.02321457862854004 0.022460222244262695
111 0.08035707473754883 0.026142597198486328 0.014693021774291992
112 0.020382165908813477 0.05118083953857422 0.023304462432861328
113 0.026401996612548828 0.025234222412109375 0.017852067947387695
114 0.034981489181518555 0.023030519485473633 0.020901918411254883
115 0.021353721618652344 0.06273674964904785 0.016952037811279297
116 0.0232999324798584 0.02424788475036621 0.018947362899780273
117 0.023484468460083008 0.023781538009643555 0.021706342697143555
118 0.0236814022064209 0.055228471755981445 0.01991105079650879
119 0.020341873168945312 0.02033233642578125 0.019992828369140625
120 0.03468799591064453 0.028043270111083984 0.021596431732177734
121 0.03636670112609863 0.04586195945739746 0.016157150268554688
122 0.019704818725585938 0.022364139556884766 0.01851963996887207
123 0.02081608772277832 0.02245020866394043 0.019234657287597656
124 0.057184696197509766 0.023085355758666992 0.017145156860351562
125 0.021004438400268555 0.021950244903564453 0.020719051361083984
126 0.0230560302734375 0.025219440460205078 0.01772332191467285
127 0.03601264953613281 0.019272565841674805 0.015933990478515625
128 0.02156805992126465 0.05331134796142578 0.018989086151123047
129 0.021033763885498047 0.02622056007385254 0.017575502395629883
130 0.04111814498901367 0.023808717727661133 0.03284645080566406
131 0.02511739730834961 0.06435108184814453 0.020171403884887695
132 0.025959491729736328 0.02845478057861328 0.01816415786743164
133 0.054060935974121094 0.03742718696594238 0.020020484924316406
134 0.03628730773925781 0.048239707946777344 0.01938796043395996
135 0.019227266311645508 0.024547100067138672 0.0187227725982666
136 0.02612781524658203 0.024995803833007812 0.019320964813232422
137 0.02474212646484375 0.04298830032348633 0.01912832260131836
138 0.028960227966308594 0.023519277572631836 0.018196821212768555
139 0.022107362747192383 0.025476455688476562 0.020263671875
140 0.048000335693359375 0.02501511573791504 0.02066826820373535
141 0.023954391479492188 0.026221513748168945 0.022351741790771484
142 0.02321457862854004 0.023714780807495117 0.017999649047851562
143 0.044814348220825195 0.019560575485229492 0.018799781799316406
144 0.021481037139892578 0.05123448371887207 0.020071029663085938
145 0.02443385124206543 0.02297663688659668 0.018054485321044922
146 0.03501176834106445 0.02051234245300293 0.01177215576171875
147 0.022269248962402344 0.033551692962646484 0.0160675048828125
148 0.019024372100830078 0.02364659309387207 0.016749858856201172
149 0.019319772720336914 0.023965835571289062 0.019787073135375977
150 0.021006345748901367 0.035887956619262695 0.017644882202148438
151 0.02019047737121582 0.017649173736572266 0.018156766891479492
152 0.022816896438598633 0.0198519229888916 0.021085262298583984
153 0.03461909294128418 0.024676084518432617 0.01643848419189453
154 0.01816558837890625 0.024454355239868164 0.020316600799560547
155 0.026239633560180664 0.02079916000366211 0.02016162872314453
156 0.034474849700927734 0.022310972213745117 0.019948720932006836
157 0.017667293548583984 0.03177642822265625 0.0207979679107666
158 0.020148754119873047 0.024151325225830078 0.027097702026367188
159 0.041443586349487305 0.026653289794921875 0.020127296447753906
160 0.022567033767700195 0.05374741554260254 0.01855301856994629
161 0.020282745361328125 0.027719974517822266 0.01817774772644043
162 0.0379180908203125 0.026419401168823242 0.020090103149414062
163 0.024688243865966797 0.06041455268859863 0.020676851272583008
164 0.023288965225219727 0.023444175720214844 0.018452167510986328
165 0.02075982093811035 0.026259422302246094 0.01831197738647461
166 0.019978761672973633 0.029959440231323242 0.019544124603271484
167 0.019139528274536133 0.017655134201049805 0.012113809585571289
168 0.02579188346862793 0.027631759643554688 0.020477771759033203
169 0.033891916275024414 0.01997518539428711 0.017406702041625977
170 0.02289724349975586 0.023952960968017578 0.020006656646728516
171 0.0222170352935791 0.02423834800720215 0.022723674774169922
172 0.034281015396118164 0.029605865478515625 0.020012617111206055
173 0.02297806739807129 0.024634361267089844 0.041559457778930664
174 0.02319169044494629 0.026539325714111328 0.03072524070739746
175 0.03509783744812012 0.023373126983642578 0.0179903507232666
176 0.022578954696655273 0.05317854881286621 0.01927018165588379
177 0.022411346435546875 0.0222780704498291 0.01992630958557129
178 0.04324054718017578 0.020965099334716797 0.02863287925720215
179 0.022916555404663086 0.06041455268859863 0.02186107635498047
180 0.02529454231262207 0.023444175720214844 0.021549701690673828
181 0.022305727005004883 0.03122854232788086 0.022909879684448242
182 0.022682905197143555 0.05947136878967285 0.03819012641906738
183 0.021326065063476562 0.022114992141723633 0.017894506454467773
184 0.025384187698364258 0.025197982788085938 0.018151283264160156
185 0.07393479347229004 0.022590160369873047 0.01123356819152832
186 0.019874095916748047 0.021983623504638672 0.015956401824951172
187 0.023932456970214844 0.024650096893310547 0.018140792846679688
188 0.057003021240234375 0.0265350341796875 0.016572952270507812
189 0.020299673080444336 0.022800922393798828 0.036194562911987305
190 0.021502017974853516 0.01764369010925293 0.018395662307739258
191 0.03645753860473633 0.02008819580078125 0.020634889602661133
192 0.02156805992126465 0.05099368095397949 0.018271684646606445
193 0.021298885345458984 0.026012897491455078 0.01865839958190918
194 0.04190826416015625 0.026147842407226562 0.022738933563232422
195 0.022572755813598633 0.06472301483154297 0.01815485954284668
196 0.019670724868774414 0.025871753692626953 0.01803112030029297
197 0.05475592613220215 0.02491474151611328 0.020937681198120117
198 0.026209115982055664 0.046233177185058594 0.018380403518676758
199 0.024102449417114258 0.021671056747436523 0.0167236328125
200 0.027051210403442383 0.02643585205078125 0.021475791931152344
201 0.02171039581298828 0.03447079658508301 0.019015073776245117
202 0.021990060806274414 0.023463726043701172 0.020133018493652344
203 0.029953956604003906 0.026048898696899414 0.019283056259155273
204 0.024550676345825195 0.04146456718444824 0.021045923233032227
205 0.020760536193847656 0.023447036743164062 0.02949833869934082
206 0.02732682228088379 0.023705244064331055 0.018381595611572266
207 0.03728652000427246 0.02708578109741211 0.018641948699951172
208 0.018617868423461914 0.023489952087402344 0.013658285140991211
209 0.010919809341430664 0.014115333557128906 0.012918233871459961
210 0.02081465721130371 0.010991573333740234 0.010027885437011719
211 0.020255565643310547 0.027991771697998047 0.006077289581298828
212 0.017187833786010742 0.011655807495117188 0.013024568557739258
213 0.03128814697265625 0.022645950317382812 0.01964282989501953
214 0.0181124210357666 0.031226396560668945 0.021262645721435547
215 0.012113809585571289 0.02384495735168457 0.013800621032714844
216 0.021085262298583984 0.027748823165893555 0.03868293762207031
217 0.018265485763549805 0.03618502616882324 0.01802515983581543
218 0.02483654022216797 0.02398204803466797 0.017998218536376953
219 0.018169641494750977 0.024210453033447266 0.02020883560180664
220 0.03440356254577637 0.02263808250427246 0.018862247467041016
221 0.022961139678955078 0.022057533264160156 0.018546581268310547
222 0.022489070892333984 0.03369307518005371 0.034564971923828125
223 0.036774635314941406 0.00970602035522461 0.03667116165161133
224 0.01971435546875 0.024963855743408203 0.012938261032104492
225 0.013190269470214844 0.013722896575927734 0.01005101203918457
226 0.01876068115234375 0.011924266815185547 0.01271677017211914
227 0.018755197525024414 0.028168439865112305 0.011943340301513672
228 0.02116560935974121 0.029511213302612305 0.021007776260375977
229 0.022246122360229492 0.024218082427978516 0.019366741180419922
230 0.016642332077026367 0.04465651512145996 0.0185854434967041
231 0.02620530128479004 0.025605440139770508 0.017388105392456055
232 0.020925521850585938 0.02347874641418457 0.022083044052124023
233 0.0200653076171875 0.041022539138793945 0.019074678421020508
234 0.026031970977783203 0.04155325889587402 0.01873612403869629
235 0.02118849754333496 0.026837587356567383 0.019994497299194336
236 0.03479719161987305 0.03269815444946289 0.017350435256958008
237 0.05179715156555176 0.0258481502532959 0.021380186080932617
238 0.02088785171508789 0.026276350021362305 0.020329952239990234
239 0.07125544548034668 0.023196697235107422 0.018650054931640625
240 0.026011943817138672 0.03767895698547363 0.02105569839477539
241 0.025779008865356445 0.0241851806640625 0.017562389373779297
242 0.03538942337036133 0.019754409790039062 0.015623092651367188
243 0.023880481719970703 0.038437604904174805 0.01777958869934082
244 0.022125720977783203 0.02286672592163086 0.01616072654724121
245 0.0323786735534668 0.019234418869018555 0.016985416412353516
246 0.021423816680908203 0.038912296295166016 0.017490386962890625
247 0.023884296417236328 0.025397539138793945 0.01801609992980957
248 0.019716978073120117 0.02077317237854004 0.01734471321105957
249 0.020197153091430664 0.043061017990112305 0.016288280487060547
250 0.022145748138427734 0.0201265811920166 0.018198490142822266
251 0.02184128761291504 0.02136540412902832 0.017139196395874023
252 0.017999649047851562 0.03712344169616699 0.011121988296508789
253 0.020634889602661133 0.016586780548095703 0.016178369522094727
254 0.026938676834106445 0.02173590660095215 0.018290996551513672
255 0.046570777893066406 0.023196697235107422 0.018650054931640625
256 0.021457195281982422 0.021504878997802734 0.03528714179992676
257 0.046176910400390625 0.02532792091369629 0.021175861358642578
258 0.04065370559692383 0.021927356719970703 0.019200801849365234
259 0.016884803771972656 0.04356861114501953 0.018558263778686523
260 0.01942920684814453 0.021060466766357422 0.01683521270751953
261 0.016813039779663086 0.033280134201049805 0.013396501541137695
262 0.02457737922668457 0.0347599983215332 0.01815056800842285
263 0.02152538299560547 0.021212100982666016 0.01195669174194336
264 0.03170943260192871 0.013299942016601562 0.027382850646972656
265 0.02258920669555664 0.04600381851196289 0.018248796463012695
266 0.024597644805908203 0.020088911056518555 0.016937255859375
267 0.03510141372680664 0.022502422332763672 0.02050638198852539
268 0.017867565155029297 0.03529238700866699 0.018108367919921875
269 0.021214962005615234 0.022144556045532227 0.015769481658935547
270 0.03438758850097656 0.025342941284179688 0.0168302059173584
271 0.026251792907714844 0.04604792594909668 0.015534162521362305
272 0.024216413497924805 0.026690006256103516 0.018944263458251953
273 0.029256582260131836 0.02098822593688965 0.019287109375
274 0.041524410247802734 0.023461341857910156 0.024560928344726562
275 0.024314403533935547 0.020798921585083008 0.02972722053527832
276 0.019964933395385742 0.023786544799804688 0.017009735107421875
277 0.04142475128173828 0.02625870704650879 0.019495248794555664
278 0.021578311920166016 0.023943662643432617 0.04017972946166992
279 0.020828962326049805 0.025252103805541992 0.020038843154907227
280 0.03136253356933594 0.024770498275756836 0.019626379013061523
281 0.02109050750732422 0.04204058647155762 0.01812148094177246
282 0.023717164993286133 0.02545166015625 0.01941823959350586
283 0.048848867416381836 0.02391672134399414 0.02018117904663086
284 0.023895263671875 0.040128231048583984 0.02121114730834961
285 0.02924346923828125 0.026293516159057617 0.04305434226989746
286 0.034279584884643555 0.02592182159423828 0.018188953399658203
287 0.01817011833190918 0.04459714889526367 0.01807856559753418
288 0.03576827049255371 0.025116920471191406 0.0210418701171875
289 0.05866074562072754 0.033783674240112305 0.017910480499267578
290 0.04452347755432129 0.023461341857910156 0.02657341957092285
291 0.02368903160095215 0.021424293518066406 0.019773483276367188
292 0.029222965240478516 0.02178025245666504 0.020530223846435547
293 0.04733848571777344 0.04656505584716797 0.023074626922607422
294 0.021059274673461914 0.02341938018798828 0.021524429321289062
295 0.021681785583496094 0.0210726261138916 0.018891572952270508
296 0.035799264907836914 0.0241241455078125 0.023756027221679688
297 0.01971125602722168 0.04782986640930176 0.018782615661621094
298 0.025969505310058594 0.024995088577270508 0.019100427627563477
299 0.03789496421813965 0.027139902114868164 0.01810932159423828
300 0.02649402618408203 0.050446510314941406 0.017164230346679688
301 0.0242459774017334 0.025063753128051758 0.018337249755859375
302 0.036139726638793945 0.024752140045166016 0.020197629928588867
303 0.022707462310791016 0.04196333885192871 0.022278547286987305
304 0.02299213409423828 0.021497249603271484 0.021887779235839844
305 0.019989013671875 0.02461528778076172 0.019459009170532227
306 0.03195667266845703 0.024246931076049805 0.06202292442321777
307 0.02205824851989746 0.021759510040283203 0.03624844551086426
308 0.020270109176635742 0.022333145141601562 0.033443450927734375
309 0.032842159271240234 0.024883747100830078 0.022978782653808594
310 0.01781320571899414 0.03343963623046875 0.020290851593017578
311 0.01999688148498535 0.02256321907043457 0.018403291702270508
312 0.013818025588989258 0.02579975128173828 0.017664194107055664
313 0.004006624221801758 0.04528689384460449 0.015500783920288086
314 0.02397012710571289 0.013869047164916992 0.016347169876098633
315 0.03625059127807617 0.023052692413330078 0.021348953247070312
316 0.022810697555541992 0.030340194702148438 0.018396377563476562
317 0.019345760345458984 0.026286602020263672 0.014457225799560547
318 0.030061721801757812 0.017046451568603516 0.01816415786743164
319 0.022521257400512695 0.04037141799926758 0.017595529556274414
320 0.024220705032348633 0.04684042930603027 0.0235903263092041
321 0.023139476776123047 0.026178359985351562 0.018800735473632812
322 0.04648470878601074 0.026263952255249023 0.024198532104492188
323 0.024313926696777344 0.04390072822570801 0.019150495529174805
324 0.0221560001373291 0.0200350284576416 0.023516416549682617
325 0.04851269721984863 0.024140119552612305 0.02124476432800293
326 0.02303457260131836 0.038564443588256836 0.018621444702148438
327 0.020828723907470703 0.02295994758605957 0.018482446670532227
328 0.032083749771118164 0.023095369338989258 0.01802659034729004
329 0.023101806640625 0.03759169578552246 0.016872167587280273
330 0.022091388702392578 0.024823427200317383 0.017413854598999023
331 0.03740525245666504 0.025125980377197266 0.02310466766357422
332 0.022910356521606445 0.043174028396606445 0.020832061767578125
333 0.028673410415649414 0.0295560359954834 0.022984743118286133
334 0.041544198989868164 0.028293132781982422 0.01747870445251465
335 0.022278785705566406 0.04396200180053711 0.01878046989440918
336 0.02732229232788086 0.02376389503479004 0.018411636352539062
337 0.02219843864440918 0.026178359985351562 0.018800735473632812
338 0.045485734939575195 0.024255752563476562 0.01914215087890625
339 0.050043582916259766 0.024745702743530273 0.036290884017944336
340 0.021781444549560547 0.021525144577026367 0.015686988830566406
341 0.04007458686828613 0.041464805603027344 0.023491621017456055
342 0.02143573760986328 0.0444331169128418 0.019357919692993164
343 0.022185087203979492 0.020569324493408203 0.018891572952270508
344 0.030857563018798828 0.02303934097290039 0.016617774963378906
345 0.02200794219970703 0.03605055809020996 0.02088189125061035
346 0.021996736526489258 0.025337696075439453 0.021131515502929688
347 0.03474736213684082 0.027714252471923828 0.01884746551513672
348 0.016854047775268555 0.044982194900512695 0.027599096298217773
349 0.02120375633239746 0.027007102966308594 0.02323603630065918
350 0.02901172637939453 0.024290800094604492 0.012017250061035156
351 0.021198272705078125 0.03674793243408203 0.017767667770385742
352 0.02414226531982422 0.02721118927001953 0.03700995445251465
353 0.029094457626342773 0.03492879867553711 0.019780635833740234
354 0.04463481903076172 0.024649620056152344 0.018302440643310547
355 0.020240068435668945 0.0434870719909668 0.022564172744750977
356 0.01977682113647461 0.021525144577026367 0.015686988830566406
357 0.058835506439208984 0.04167008399963379 0.020992755889892578
358 0.021882295608520508 0.04316139221191406 0.01605987548828125
359 0.019101619720458984 0.024970293045043945 0.016915321350097656
360 0.041812896728515625 0.022119998931884766 0.019745349884033203
361 0.021715879440307617 0.04582524299621582 0.018782615661621094
362 0.023283958435058594 0.021055221557617188 0.019308090209960938
363 0.03341555595397949 0.027385473251342773 0.021896839141845703
364 0.02112579345703125 0.058153390884399414 0.018201589584350586
365 0.02792668342590332 0.03186321258544922 0.02231144905090332
366 0.0371241569519043 0.028633594512939453 0.01982402801513672
367 0.024385452270507812 0.043894052505493164 0.018817663192749023
368 0.0235903263092041 0.018041133880615234 0.020174503326416016
369 0.018816471099853516 0.018278837203979492 0.018048524856567383
370 0.03141045570373535 0.02217555046081543 0.01204991340637207
371 0.023586034774780273 0.02304220199584961 0.01214146614074707
372 0.016688108444213867 0.015862703323364258 0.016813039779663086
373 0.04134345054626465 0.028315067291259766 0.0181124210357666
374 0.023984432220458984 0.05112195014953613 0.01758098602294922
375 0.022965669631958008 0.02092432975769043 0.020148754119873047
376 0.0396120548248291 0.02349543571472168 0.017274856567382812
377 0.018877506256103516 0.04764723777770996 0.019022226333618164
378 0.02029252052307129 0.024222373962402344 0.018372297286987305
379 0.04043436050415039 0.019656658172607422 0.01715707778930664
380 0.02949976921081543 0.04944109916687012 0.015163898468017578
381 0.023953914642333984 0.02596116065979004 0.017435789108276367
382 0.042528390884399414 0.023848295211791992 0.01849532127380371
383 0.02028203010559082 0.0443873405456543 0.018208980560302734
384 0.022765636444091797 0.02274179458618164 0.03591346740722656
385 0.020196199417114258 0.01764845848083496 0.01815652847290039
386 0.032928466796875 0.022197246551513672 0.014654874801635742
387 0.02304220199584961 0.03631162643432617 0.01834869384765625
388 0.015862703323364258 0.016813039779663086 0.020200490951538086
389 0.03845620155334473 0.022113561630249023 0.016149520874023438
390 0.022701263427734375 0.03761005401611328 0.012534856796264648
391 0.021059036254882812 0.013299942016601562 0.0263824462890625
392 0.043074607849121094 0.018279552459716797 0.021477460861206055
393 0.023835420608520508 0.04191923141479492 0.017638444900512695
394 0.024115562438964844 0.022243261337280273 0.021599292755126953
395 0.02916574478149414 0.01812124252319336 0.018228530883789062
396 0.019812345504760742 0.03431820869445801 0.017971515655517578
397 0.023015737533569336 0.023070096969604492 0.018091917037963867
398 0.036673545837402344 0.023186683654785156 0.01860213279724121
399 0.02057337760925293 0.03378129005432129 0.0137786865234375
400 0.027174711227416992 0.02214360237121582 0.019583463668823242
401 0.022444486618041992 0.018792390823364258 0.017529726028442383
402 0.03969764709472656 0.019091129302978516 0.0170900821685791
403 0.018746614456176758 0.030177831649780273 0.024222612380981445
404 0.02602362632751465 0.009184598922729492 0.015862703323364258
405 0.05858159065246582 0.02530837059020996 0.018114328384399414
406 0.02224111557006836 0.044715166091918945 0.014506101608276367
407 0.02326345443725586 0.02421402931213379 0.01641368865966797
408 0.03881978988647461 0.02216958999633789 0.015944480895996094
409 0.020879268646240234 0.05043196678161621 0.019125938415527344
410 0.024239540100097656 0.022791624069213867 0.018370628356933594
411 0.04240536689758301 0.024231910705566406 0.017867565155029297
412 0.04096341133117676 0.04668068885803223 0.01181793212890625
413 0.0242459774017334 0.025063753128051758 0.018337249755859375
414 0.03978252410888672 0.035025596618652344 0.018065690994262695
415 0.020782947540283203 0.04445648193359375 0.01805901527404785
416 0.021038055419921875 0.021867990493774414 0.01967000961303711
417 0.01837015151977539 0.024731159210205078 0.0247495174407959
418 0.030310392379760742 0.022853374481201172 0.017184019088745117
419 0.022422313690185547 0.04024910926818848 0.020415544509887695
420 0.014898061752319336 0.021529674530029297 0.011249303817749023
421 0.0397491455078125 0.020222902297973633 0.0171511173248291
422 0.021084308624267578 0.03515362739562988 0.022066593170166016
423 0.024970293045043945 0.021823644638061523 0.0181124210357666
424 0.03664731979370117 0.022337913513183594 0.017948627471923828
425 0.021715879440307617 0.04582524299621582 0.018782615661621094
426 0.022562026977539062 0.024117469787597656 0.019028663635253906
427 0.04156851768493652 0.022459745407104492 0.013631105422973633
428 0.02572035789489746 0.04666852951049805 0.017475366592407227
429 0.027795791625976562 0.02461552619934082 0.021517515182495117
430 0.03468060493469238 0.021443605422973633 0.02133488655090332
431 0.020211219787597656 0.04394245147705078 0.016700267791748047
432 0.026979684829711914 0.04950404167175293 0.01890850067138672
433 0.02309441566467285 0.024738311767578125 0.020135164260864258
434 0.03968954086303711 0.022861957550048828 0.03695082664489746
435 0.020209550857543945 0.04716300964355469 0.019530296325683594
436 0.02714848518371582 0.02589273452758789 0.03548097610473633
437 0.03368425369262695 0.025127887725830078 0.01930975914001465
438 0.029492616653442383 0.03686356544494629 0.020183801651000977
439 0.02288508415222168 0.02214360237121582 0.019794464111328125
440 0.03123021125793457 0.02010059356689453 0.01941227912902832
441 0.023270606994628906 0.04016685485839844 0.025565147399902344
442 0.023052692413330078 0.024579286575317383 0.02424454689025879
443 0.03644895553588867 0.018043994903564453 0.024147748947143555
444 0.024491548538208008 0.051924943923950195 0.02319645881652832
445 0.018237829208374023 0.012138128280639648 0.017690658569335938
446 0.03780031204223633 0.01987481117248535 0.014366388320922852
447 0.024242639541625977 0.03879237174987793 0.011968374252319336
448 0.023397207260131836 0.05337858200073242 0.020615339279174805
449 0.023459911346435547 0.03100752830505371 0.017756938934326172
450 0.03618288040161133 0.022309541702270508 0.018190622329711914
451 0.02010655403137207 0.03963184356689453 0.023061275482177734
452 0.022542953491210938 0.02834033966064453 0.021563053131103516
453 0.020862579345703125 0.02481698989868164 0.022112369537353516
454 0.03147077560424805 0.03858304023742676 0.018973112106323242
455 0.025141477584838867 0.019742965698242188 0.016678571701049805
456 0.03457999229431152 0.018878698348999023 0.023266315460205078
457 0.021830081939697266 0.03991532325744629 0.019419193267822266
458 0.022088289260864258 0.030259370803833008 0.01896834373474121
459 0.032300472259521484 0.02419137954711914 0.027423620223999023
460 0.021819114685058594 0.05092811584472656 0.019871950149536133
461 0.018225908279418945 0.018344640731811523 0.022053241729736328
462 0.029401779174804688 0.01753687858581543 0.018167495727539062
463 0.02217888832092285 0.03378105163574219 0.019145488739013672
464 0.02081751823425293 0.023407697677612305 0.021839141845703125
465 0.026316165924072266 0.04027700424194336 0.0182802677154541
466 0.03968954086303711 0.026969432830810547 0.01849532127380371
467 0.022800683975219727 0.020157337188720703 0.025171518325805664
468 0.01462244987487793 0.01905655860900879 0.015990257263183594
469 0.03127312660217285 0.017484664916992188 0.015962839126586914
470 0.019179821014404297 0.03147077560424805 0.022375106811523438
471 0.01848459243774414 0.01653432846069336 0.014277458190917969
472 0.032663822174072266 0.012560367584228516 0.020194530487060547
473 0.021635770797729492 0.03606104850769043 0.018278121948242188
474 0.023990869522094727 0.028070449829101562 0.023360490798950195
475 0.03463554382324219 0.012617349624633789 0.017693042755126953
476 0.022591590881347656 0.04535079002380371 0.01431131362915039
477 0.02326202392578125 0.023186922073364258 0.013782262802124023
478 0.03917670249938965 0.028469562530517578 0.01918768882751465
479 0.024231433868408203 0.046907663345336914 0.01751875877380371
480 0.022229433059692383 0.02050042152404785 0.040086984634399414
481 0.022994041442871094 0.03338885307312012 0.0205075740814209
482 0.033888816833496094 0.02091193199157715 0.01587986946105957
483 0.028296947479248047 0.05236387252807617 0.018904924392700195
484 0.022038936614990234 0.025627613067626953 0.01812148094177246
485 0.03327012062072754 0.02185988426208496 0.018021821975708008
486 0.02108907699584961 0.053742170333862305 0.0191805362701416
487 0.021716833114624023 0.022130966186523438 0.017258405685424805
488 0.03728508949279785 0.02330160140991211 0.019083023071289062
489 0.02544999122619629 0.04223203659057617 0.02855515480041504
490 0.03444504737854004 0.03416872024536133 0.024190187454223633
491 0.03633999824523926 0.026128053665161133 0.0201570987701416
492 0.02479696273803711 0.045381784439086914 0.019194602966308594
493 0.022866487503051758 0.02217841148376465 0.020140647888183594
494 0.034899234771728516 0.022344350814819336 0.02017498016357422
495 0.02357625961303711 0.044634342193603516 0.02018594741821289
496 0.02046346664428711 0.022644519805908203 0.018303394317626953
497 0.025201082229614258 0.023586034774780273 0.017660856246948242
498 0.029011011123657227 0.022059917449951172 0.016813039779663086
499 0.024287700653076172 0.05259513854980469 0.01911187171936035
500 0.02213573455810547 0.02305006980895996 0.017717599868774414
501 0.03660440444946289 0.018891572952270508 0.01641368865966797
502 0.02195429801940918 0.04254460334777832 0.0191805362701416
503 0.02288341522216797 0.021831274032592773 0.016153812408447266
504 0.04354143142700195 0.02198648452758789 0.020208358764648438
505 0.021338701248168945 0.0475008487701416 0.023546695709228516
506 0.027036190032958984 0.02533268928527832 0.020441532135009766
507 0.03859353065490723 0.025307655334472656 0.020188570022583008
508 0.026482820510864258 0.044447898864746094 0.019498825073242188
509 0.022053241729736328 0.0264284610748291 0.02014756202697754
510 0.032950639724731445 0.019396066665649414 0.02295970916748047
511 0.027204275131225586 0.046098947525024414 0.020104646682739258
512 0.02675652503967285 0.020229339599609375 0.018253564834594727
513 0.03428149223327637 0.021764755249023438 0.02039813995361328
514 0.02168869972229004 0.04229617118835449 0.018192291259765625
515 0.03296947479248047 0.025601625442504883 0.01920604705810547
516 0.03160285949707031 0.01859450340270996 0.012861251831054688
517 0.02096104621887207 0.04491758346557617 0.017583370208740234
518 0.02519059181213379 0.022142648696899414 0.01798415184020996
519 0.03565096855163574 0.030487060546875 0.02343297004699707
520 0.022670269012451172 0.054947614669799805 0.020603656768798828
521 0.02995610237121582 0.02941155433654785 0.02000880241394043
522 0.04191470146179199 0.025949716567993164 0.01977849006652832
523 0.02790665626525879 0.08007073402404785 0.021114110946655273
524 0.025231122970581055 0.03562331199645996 0.01782059669494629
525 0.03292655944824219 0.030857324600219727 0.018011093139648438
526 0.02863788604736328 0.046582698822021484 0.021682024002075195
527 0.022145986557006836 0.02633070945739746 0.022312641143798828
528 0.022827625274658203 0.02420783042907715 0.01763439178466797
529 0.03197908401489258 0.021245718002319336 0.016731739044189453
530 0.01983952522277832 0.04895162582397461 0.018899202346801758
531 0.020572900772094727 0.025903940200805664 0.017838478088378906
532 0.02767777442932129 0.017420291900634766 0.008640289306640625
533 0.023000717163085938 0.03845071792602539 0.015475273132324219
534 0.022209644317626953 0.03436732292175293 0.02210545539855957
535 0.03323650360107422 0.024375200271606445 0.019074440002441406
536 0.025182008743286133 0.04961800575256348 0.017333984375
537 0.022951126098632812 0.026404619216918945 0.024075031280517578
538 0.04072999954223633 0.02686333656311035 0.02525496482849121
539 0.02287602424621582 0.06346416473388672 0.021430015563964844
540 0.024876117706298828 0.028653383255004883 0.03387308120727539
541 0.03935360908508301 0.02335524559020996 0.022114276885986328
542 0.023961544036865234 0.05562138557434082 0.019811630249023438
543 0.026619911193847656 0.022974252700805664 0.019710540771484375
544 0.022233963012695312 0.026019811630249023 0.020285367965698242
545 0.030186176300048828 0.023621559143066406 0.018123865127563477
546 0.021589994430541992 0.047118186950683594 0.020540475845336914
547 0.02529311180114746 0.023712873458862305 0.015252828598022461
548 0.025533199310302734 0.017420291900634766 0.019931793212890625
549 0.016855716705322266 0.04154610633850098 0.013654947280883789
550 0.026254653930664062 0.024151325225830078 0.01624584197998047
551 0.053990840911865234 0.024715662002563477 0.01817488670349121
552 0.022149085998535156 0.04330801963806152 0.024327516555786133
553 0.034470319747924805 0.03320908546447754 0.03283548355102539
554 0.06229853630065918 0.029081344604492188 0.01871490478515625
555 0.03939676284790039 0.07132101058959961 0.02148127555847168
556 0.03797626495361328 0.03033304214477539 0.023055315017700195
557 0.03827834129333496 0.02591252326965332 0.02083730697631836
558 0.021523237228393555 0.04266619682312012 0.022161245346069336
559 0.02400994300842285 0.029642343521118164 0.020950794219970703
560 0.017092466354370117 0.012797117233276367 0.025088071823120117
561 0.0343317985534668 0.021660804748535156 0.017175674438476562
562 0.024344205856323242 0.04778122901916504 0.018080711364746094
563 0.01764392852783203 0.02759695053100586 0.01987171173095703
564 0.01563286781311035 0.029687166213989258 0.017401695251464844
565 0.02822113037109375 0.021885395050048828 0.015668153762817383
566 0.01624584197998047 0.026079654693603516 0.010045528411865234
567 0.03234052658081055 0.021979808807373047 0.014400959014892578
568 0.024581432342529297 0.046106815338134766 0.01885080337524414
569 0.02954387664794922 0.030725717544555664 0.01968836784362793
570 0.06869316101074219 0.030079364776611328 0.016724586486816406
571 0.07307672500610352 0.08508181571960449 0.021346092224121094
572 0.03243064880371094 0.022449254989624023 0.022433757781982422
573 0.042366743087768555 0.024978160858154297 0.015338420867919922
574 0.039603233337402344 0.0424957275390625 0.01875162124633789
575 0.021242618560791016 0.02117013931274414 0.020290374755859375
576 0.025088071823120117 0.023448705673217773 0.020142555236816406
577 0.023882627487182617 0.02620410919189453 0.01839590072631836
578 0.025371551513671875 0.04459691047668457 0.022346973419189453
579 0.024222373962402344 0.023590803146362305 0.018195390701293945
580 0.03567624092102051 0.02246999740600586 0.01750016212463379
581 0.020932674407958984 0.029173851013183594 0.0
582 0.016170740127563477 0.01256871223449707 0.012072563171386719
583 0.03426361083984375 0.024367809295654297 0.01732158660888672
584 0.0504605770111084 0.04645228385925293 0.021918773651123047
585 0.02975606918334961 0.03454256057739258 0.02311539649963379
586 0.05958294868469238 0.031074047088623047 0.02384042739868164
587 0.03012824058532715 0.08948159217834473 0.026457786560058594
588 0.02534651756286621 0.034557342529296875 0.021468162536621094
589 0.04135322570800781 0.03135514259338379 0.019231081008911133
590 0.02368950843811035 0.04531455039978027 0.015625953674316406
591 0.0234529972076416 0.025574922561645508 0.02027273178100586
592 0.016864776611328125 0.032950639724731445 0.019396066665649414
593 0.036112308502197266 0.026920080184936523 0.021576881408691406
594 0.02546381950378418 0.052423954010009766 0.020185232162475586
595 0.039777278900146484 0.023975133895874023 0.019146203994750977
596 0.029961109161376953 0.024278879165649414 0.017928600311279297
597 0.017917633056640625 0.07599925994873047 0.023333072662353516
598 0.02524256706237793 0.02387213706970215 0.020187854766845703
599 0.03229522705078125 0.023916244506835938 0.020629405975341797
600 0.026382923126220703 0.07376337051391602 0.019075870513916016
601 0.022125720977783203 0.029490232467651367 0.0191495418548584
602 0.051398277282714844 0.02443671226501465 0.018929481506347656
603 0.029437780380249023 0.06515908241271973 0.01882624626159668
604 0.027416467666625977 0.02459549903869629 0.02055644989013672
605 0.038857221603393555 0.027834653854370117 0.0195009708404541
606 0.025256633758544922 0.0414884090423584 0.02290487289428711
607 0.01773691177368164 0.027647972106933594 0.01695537567138672
608 0.016864776611328125 0.03495645523071289 0.01739025115966797
609 0.03811788558959961 0.027960538864135742 0.018530845642089844
610 0.026139497756958008 0.048303842544555664 0.021523714065551758
611 0.03295421600341797 0.02173900604248047 0.019436359405517578
612 0.03275871276855469 0.024014711380004883 0.019601821899414062
613 0.03428173065185547 0.04332447052001953 0.022660255432128906
614 0.020958662033081055 0.029093027114868164 0.018865346908569336
615 0.03253340721130371 0.020355701446533203 0.019801616668701172
616 0.025101423263549805 0.05267024040222168 0.022223472595214844
617 0.031045913696289062 0.027831554412841797 0.018004655838012695
618 0.057259559631347656 0.02598094940185547 0.01720738410949707
619 0.03728318214416504 0.08930850028991699 0.02194666862487793
620 0.03328967094421387 0.025396347045898438 0.019364118576049805
621 0.042339324951171875 0.026372671127319336 0.01475071907043457
622 0.022577524185180664 0.04025530815124512 0.01847982406616211
623 0.023856163024902344 0.0241086483001709 0.017581462860107422
624 0.020494461059570312 0.016572952270507812 0.02295970916748047
625 0.03817629814147949 0.03040623664855957 0.01973724365234375
626 0.024063825607299805 0.042388916015625 0.02146315574645996
627 0.03095412254333496 0.023739099502563477 0.019436359405517578
628 0.032479047775268555 0.02374410629272461 0.020273208618164062
629 0.015880823135375977 0.04193568229675293 0.021135807037353516
630 0.016045331954956055 0.016088485717773438 0.022423744201660156
631 0.030427217483520508 0.018216609954833984 0.02013397216796875
632 0.023968219757080078 0.06608152389526367 0.021311521530151367
633 0.034593820571899414 0.027206897735595703 0.02005791664123535
634 0.04044222831726074 0.025120019912719727 0.017318010330200195
635 0.02971816062927246 0.04904508590698242 0.017139911651611328
636 0.015459775924682617 0.015883684158325195 0.015070199966430664
637 0.04136037826538086 0.023180007934570312 0.021631240844726562
638 0.020482778549194336 0.0412290096282959 0.020379066467285156
639 0.021258115768432617 0.022551774978637695 0.01584625244140625
640 0.016886234283447266 0.02546858787536621 0.01770162582397461
641 0.036145925521850586 0.02435922622680664 0.018270254135131836
642 0.02477860450744629 0.04705381393432617 0.019101619720458984
643 0.0455327033996582 0.01859450340270996 0.02435898780822754
644 0.0320432186126709 0.02534794807434082 0.017293214797973633
645 0.05340147018432617 0.04417538642883301 0.01624584197998047
646 0.024280548095703125 0.026371479034423828 0.020049333572387695
647 0.04437971115112305 0.025230884552001953 0.024185895919799805
648 0.028403520584106445 0.06894135475158691 0.024983882904052734
649 0.029367446899414062 0.07085776329040527 0.03118109703063965
650 0.06467080116271973 0.08262062072753906 0.02043294906616211
651 0.0278317928314209 0.060190439224243164 0.018296003341674805
652 0.027343273162841797 0.02551555633544922 0.01913595199584961
653 0.040120601654052734 0.02399420738220215 0.022819042205810547
654 0.028592348098754883 0.04298233985900879 0.01801443099975586
655 0.027940034866333008 0.02801370620727539 0.018915891647338867
656 0.01770162582397461 0.02343583106994629 0.0205838680267334
657 0.03813362121582031 0.02035069465637207 0.019207477569580078
658 0.02507781982421875 0.0433506965637207 0.022427797317504883
659 0.023342609405517578 0.01859450340270996 0.012861251831054688
660 0.03994011878967285 0.024066925048828125 0.01747918128967285
661 0.03179430961608887 0.042876243591308594 0.01825237274169922
662 0.022275686264038086 0.02436518669128418 0.022055625915527344
663 0.04351329803466797 0.03228592872619629 0.020214080810546875
664 0.02428579330444336 0.04865312576293945 0.025146961212158203
665 0.02441549301147461 0.02625131607055664 0.022322416305541992
666 0.03019547462463379 0.02179741859436035 0.013130903244018555
667 0.024671077728271484 0.041405677795410156 0.022761106491088867
668 0.016726016998291016 0.015070199966430664 0.02162766456604004
669 0.03121662139892578 0.03137326240539551 0.02215433120727539
670 0.022229671478271484 0.041162967681884766 0.017242431640625
671 0.021532297134399414 0.019913196563720703 0.02591705322265625
672 0.025303363800048828 0.019383907318115234 0.02022409439086914
673 0.032117366790771484 0.024361371994018555 0.019207477569580078
674 0.026013612747192383 0.04071831703186035 0.016252517700195312
675 0.018245458602905273 0.020587682723999023 0.020138025283813477
676 0.037101030349731445 0.023805618286132812 0.012284040451049805
677 0.020645618438720703 0.03994321823120117 0.020100116729736328
678 0.021613359451293945 0.022807836532592773 0.020349979400634766
679 0.03490400314331055 0.027187824249267578 0.022410869598388672
680 0.026427745819091797 0.06521964073181152 0.022071123123168945
681 0.020127296447753906 0.030268430709838867 0.019368886947631836
682 0.061721086502075195 0.02825331687927246 0.019197463989257812
683 0.045323848724365234 0.06967306137084961 0.018637418746948242
684 0.025090456008911133 0.032807111740112305 0.021468162536621094
685 0.03997325897216797 0.026026487350463867 0.018146038055419922
686 0.024394512176513672 0.04325699806213379 0.018054962158203125
687 0.021279573440551758 0.028669357299804688 0.016534090042114258
688 0.01794743537902832 0.02356433868408203 0.01894664764404297
689 0.036045074462890625 0.020606279373168945 0.022130727767944336
690 0.02253437042236328 0.03644204139709473 0.019792556762695312
691 0.012861251831054688 0.020138025283813477 0.012090921401977539
692 0.035292625427246094 0.016463518142700195 0.020623207092285156
693 0.024151325225830078 0.040320634841918945 0.018060684204101562
694 0.025440216064453125 0.02292633056640625 0.01801896095275879
695 0.04577183723449707 0.025057315826416016 0.02102208137512207
696 0.03645896911621094 0.07568478584289551 0.022078752517700195
697 0.03426194190979004 0.03443121910095215 0.020094633102416992
698 0.06667041778564453 0.03498339653015137 0.01990056037902832
699 0.02886486053466797 0.058477163314819336 0.019872188568115234
700 0.024580001831054688 0.027169466018676758 0.021013259887695312
701 0.049063920974731445 0.027054548263549805 0.017631053924560547
702 0.021341323852539062 0.04208564758300781 0.022171735763549805
703 0.02335333824157715 0.02655959129333496 0.0282437801361084
704 0.02262139320373535 0.01912403106689453 0.020539045333862305
705 0.039285898208618164 0.021866321563720703 0.0178983211517334
706 0.0174405574798584 0.03375411033630371 0.015715360641479492
707 0.020138025283813477 0.012090921401977539 0.01951456069946289
708 0.03445076942443848 0.015475273132324219 0.013654947280883789
709 0.026039838790893555 0.036206722259521484 0.018170833587646484
710 0.021405696868896484 0.025359392166137695 0.016330242156982422
711 0.04276537895202637 0.028943777084350586 0.01914048194885254
712 0.030257225036621094 0.06491923332214355 0.0241239070892334
713 0.02736520767211914 0.034894466400146484 0.019509077072143555
714 0.03757333755493164 0.03146171569824219 0.020675182342529297
715 0.028045654296875 0.0746300220489502 0.018520116806030273
716 0.026587724685668945 0.029174089431762695 0.017200231552124023
717 0.03832101821899414 0.02384352684020996 0.018199682235717773
718 0.024323463439941406 0.04884457588195801 0.024009227752685547
719 0.023567676544189453 0.031896352767944336 0.024613380432128906
720 0.021421194076538086 0.02166008949279785 0.015680789947509766
721 0.03792285919189453 0.020868778228759766 0.018010854721069336
722 0.02053046226501465 0.03366231918334961 0.017093896865844727
723 0.012090921401977539 0.014853954315185547 0.004660606384277344
724 0.029577255249023438 0.020623207092285156 0.005000591278076172
725 0.024782657623291016 0.0363459587097168 0.017954349517822266
726 0.02408623695373535 0.02418065071105957 0.016405582427978516
727 0.04235649108886719 0.025661230087280273 0.020838022232055664
728 0.02838730812072754 0.0708773136138916 0.02552485466003418
729 0.02440500259399414 0.049198150634765625 0.02387857437133789
730 0.05876874923706055 0.043168067932128906 0.03099846839904785
731 0.02886486053466797 0.06227374076843262 0.01843881607055664
732 0.020569324493408203 0.026161670684814453 0.01820683479309082
733 0.04994678497314453 0.031349897384643555 0.018758296966552734
734 0.027750015258789062 0.05985426902770996 0.019518375396728516
735 0.022276639938354492 0.03851914405822754 0.023226499557495117
736 0.026259422302246094 0.028291940689086914 0.019176959991455078
737 0.045462846755981445 0.023518800735473633 0.016016006469726562
738 0.02145981788635254 0.04467916488647461 0.020236730575561523
739 0.05355978012084961 0.026254653930664062 0.022144794464111328
740 0.03244352340698242 0.024337053298950195 0.022262096405029297
741 0.02428913116455078 0.0488743782043457 0.01779961585998535
742 0.029612064361572266 0.0310666561126709 0.020371198654174805
743 0.042641401290893555 0.025238037109375 0.022167444229125977
744 0.017720937728881836 0.036420345306396484 0.01340794563293457
745 0.034943580627441406 0.03660917282104492 0.023065567016601562
746 0.048857927322387695 0.025457143783569336 0.01833057403564453
747 0.019652843475341797 0.04297661781311035 0.01475071907043457
748 0.022392749786376953 0.026096820831298828 0.019541501998901367
749 0.036333560943603516 0.024756669998168945 0.01875782012939453
750 0.026961088180541992 0.04554939270019531 0.022866487503051758
751 0.025177955627441406 0.027735233306884766 0.02115154266357422
752 0.02846670150756836 0.026013612747192383 0.0180051326751709
753 0.03320884704589844 0.021742820739746094 0.012861251831054688
754 0.022011756896972656 0.04448437690734863 0.01496124267578125
755 0.034403324127197266 0.023294687271118164 0.016932964324951172
756 0.0358119010925293 0.023468017578125 0.019426584243774414
757 0.03638267517089844 0.04134202003479004 0.01921558380126953
758 0.03040003776550293 0.030883312225341797 0.018051862716674805
759 0.055715084075927734 0.03629326820373535 0.019651174545288086
760 0.03063678741455078 0.06403565406799316 0.02262425422668457
761 0.0213778018951416 0.03288769721984863 0.02006220817565918
762 0.03430676460266113 0.026100635528564453 0.018564462661743164
763 0.02352762222290039 0.05733537673950195 0.017911911010742188
764 0.018458127975463867 0.026623964309692383 0.01900649070739746
765 0.033307552337646484 0.021840810775756836 0.024733304977416992
766 0.02062058448791504 0.047579288482666016 0.019617557525634766
767 0.017124652862548828 0.03310894966125488 0.018497228622436523
768 0.03191518783569336 0.024021148681640625 0.023840665817260742
769 0.02062058448791504 0.049156904220581055 0.02393054962158203
770 0.03110361099243164 0.020502567291259766 0.028021574020385742
771 0.030939340591430664 0.018224716186523438 0.017856597900390625
772 0.02437877655029297 0.03797197341918945 0.021346569061279297
773 0.021526098251342773 0.02280902862548828 0.017647504806518555
774 0.02779984474182129 0.024228334426879883 0.018140316009521484
775 0.020412445068359375 0.03152155876159668 0.019747018814086914
776 0.02567315101623535 0.024196386337280273 0.018295764923095703
777 0.041413068771362305 0.023783445358276367 0.012568950653076172
778 0.027204036712646484 0.0491335391998291 0.0180816650390625
779 0.02913975715637207 0.02085256576538086 0.020099401473999023
780 0.04420948028564453 0.022691726684570312 0.019038677215576172
781 0.0273439884185791 0.04434347152709961 0.013570547103881836
782 0.022291183471679688 0.023995399475097656 0.01220083236694336
783 0.05151724815368652 0.029366731643676758 0.01678633689880371
784 0.041239261627197266 0.0275118350982666 0.022088050842285156
785 0.026405811309814453 0.04713606834411621 0.023807764053344727
786 0.025440692901611328 0.02151036262512207 0.020258426666259766
787 0.031126976013183594 0.02467489242553711 0.017856597900390625
788 0.023133277893066406 0.04245114326477051 0.018112897872924805
789 0.015500783920288086 0.030632495880126953 0.019224166870117188
790 0.03405404090881348 0.018293142318725586 0.01801276206970215
791 0.020395755767822266 0.03510093688964844 0.019166231155395508
792 0.029420137405395508 0.026721715927124023 0.013919353485107422
793 0.04648852348327637 0.02657294273376465 0.016406774520874023
794 0.02723860740661621 0.04572129249572754 0.019555330276489258
795 0.02205371856689453 0.026563405990600586 0.018584251403808594
796 0.023149728775024414 0.02322864532470703 0.021786212921142578
797 0.024834871292114258 0.0464015007019043 0.020349740982055664
798 0.020293235778808594 0.018092870712280273 0.02369236946105957
799 0.02539849281311035 0.034986257553100586 0.020113229751586914
800 0.04056215286254883 0.031186580657958984 0.019609451293945312
801 0.022381067276000977 0.04575228691101074 0.022581100463867188
802 0.028481721878051758 0.026108264923095703 0.023686647415161133
803 0.035968780517578125 0.027612924575805664 0.022098779678344727
804 0.02427077293395996 0.04360079765319824 0.021008014678955078
805 0.018416643142700195 0.023920536041259766 0.019555091857910156
806 0.023746252059936523 0.015360593795776367 0.015926361083984375
807 0.016946077346801758 0.0283050537109375 0.0161898136138916
808 0.021805286407470703 0.01978611946105957 0.020687341690063477
809 0.04341912269592285 0.021779298782348633 0.014573097229003906
810 0.025040626525878906 0.05644679069519043 0.0180816650390625
811 0.013897180557250977 0.03411602973937988 0.017238140106201172
812 0.04654979705810547 0.025437116622924805 0.01748490333557129
813 0.024834871292114258 0.0464015007019043 0.01933145523071289
814 0.018889427185058594 0.024062395095825195 0.020117521286010742
815 0.05761575698852539 0.03556036949157715 0.020860910415649414
816 0.03679990768432617 0.032633304595947266 0.021677494049072266
817 0.02265644073486328 0.054808616638183594 0.01780080795288086
818 0.02406024932861328 0.026388883590698242 0.022217988967895508
819 0.04457688331604004 0.023053884506225586 0.023140668869018555
820 0.023007869720458984 0.04494500160217285 0.01717519760131836
821 0.026991844177246094 0.052392005920410156 0.02367877960205078
822 0.031873464584350586 0.023447275161743164 0.020395755767822266
823 0.033469200134277344 0.03338336944580078 0.0264739990234375
824 0.01562976837158203 0.01640605926513672 0.016736745834350586
825 0.03239631652832031 0.011553049087524414 0.01621079444885254
826 0.02421855926513672 0.03912496566772461 0.012609243392944336
827 0.02913975715637207 0.022857189178466797 0.022007465362548828
828 0.03921866416931152 0.027492761611938477 0.0191650390625
829 0.023634672164916992 0.05359816551208496 0.01808929443359375
830 0.022047996520996094 0.024062395095825195 0.020117521286010742
831 0.04569268226623535 0.02577662467956543 0.01880359649658203
832 0.047321319580078125 0.037522077560424805 0.0184328556060791
833 0.026667356491088867 0.05523562431335449 0.019789934158325195
834 0.017888307571411133 0.03349804878234863 0.023649930953979492
835 0.04182910919189453 0.024490833282470703 0.022904396057128906
836 0.026214122772216797 0.04080367088317871 0.017578601837158203
837 0.026177406311035156 0.023786544799804688 0.016124725341796875
838 0.034079551696777344 0.02366781234741211 0.017798662185668945
839 0.022136449813842773 0.042757511138916016 0.015992403030395508
840 0.02224588394165039 0.02530050277709961 0.01918315887451172
841 0.03005385398864746 0.026781797409057617 0.019320249557495117
842 0.020287036895751953 0.03790092468261719 0.02032613754272461
843 0.01154947280883789 0.018286466598510742 0.012027978897094727
844 0.04164266586303711 0.02425384521484375 0.01410675048828125
845 0.0242159366607666 0.03830862045288086 0.019426345825195312
846 0.019038915634155273 0.025141000747680664 0.009979724884033203
847 0.03024005889892578 0.027244091033935547 0.020909786224365234
848 0.06022787094116211 0.029489755630493164 0.025232553482055664
849 0.025490522384643555 0.0472412109375 0.01766371726989746
850 0.025194406509399414 0.03140425682067871 0.01578688621520996
851 0.040917396545410156 0.025424480438232422 0.0160677433013916
852 0.026053428649902344 0.04705810546875 0.020107507705688477
853 0.026903867721557617 0.025063514709472656 0.01832270622253418
854 0.013500690460205078 0.027028560638427734 0.01973414421081543
855 0.016353130340576172 0.015676021575927734 0.014949798583984375
856 0.013919353485107422 0.023943185806274414 0.01458883285522461
857 0.021604537963867188 0.01827526092529297 0.012568950653076172
858 0.024262428283691406 0.05411052703857422 0.0180816650390625
859 0.02913975715637207 0.022857189178466797 0.018094778060913086
860 0.02816629409790039 0.028493165969848633 0.020397663116455078
861 0.04158306121826172 0.024098634719848633 0.017081260681152344
862 0.018680334091186523 0.02530956268310547 0.017008543014526367
863 0.02180337905883789 0.026288509368896484 0.019197940826416016
864 0.04207420349121094 0.029860496520996094 0.02364349365234375
865 0.024405479431152344 0.04708576202392578 0.02027273178100586
866 0.022124290466308594 0.024565935134887695 0.018401384353637695
867 0.044348955154418945 0.022141456604003906 0.022137165069580078
868 0.024222612380981445 0.03841710090637207 0.018867969512939453
869 0.026446819305419922 0.025686025619506836 0.01806640625
870 0.039346933364868164 0.024423837661743164 0.011777162551879883
871 0.021111726760864258 0.042757511138916016 0.015992403030395508
872 0.02224588394165039 0.023290634155273438 0.019187450408935547
873 0.0322115421295166 0.023616552352905273 0.02066636085510254
874 0.012116670608520508 0.037467002868652344 0.021697998046875
875 0.020304203033447266 0.013724088668823242 0.012120962142944336
876 0.039667367935180664 0.02225947380065918 0.01713109016418457
877 0.024256229400634766 0.04132866859436035 0.017186641693115234
878 0.01832270622253418 0.023995399475097656 0.0181121826171875
879 0.04851126670837402 0.026244401931762695 0.020909786224365234
880 0.042771339416503906 0.024149417877197266 0.017974853515625
881 0.02082967758178711 0.03382086753845215 0.013314247131347656
882 0.022558927536010742 0.01639270782470703 0.014979124069213867
883 0.04016757011413574 0.024951696395874023 0.020761966705322266
884 0.0204470157623291 0.041460275650024414 0.020272493362426758
885 0.029805898666381836 0.029669523239135742 0.01858687400817871
886 0.03448748588562012 0.025006771087646484 0.01603841781616211
887 0.01413869857788086 0.05425667762756348 0.015804529190063477
888 0.023286104202270508 0.025209903717041016 0.02256035804748535
889 0.03820610046386719 0.03026294708251953 0.015141725540161133
890 0.020214080810546875 0.04355216026306152 0.019060134887695312
891 0.027493953704833984 0.02555084228515625 0.017785072326660156
892 0.04098677635192871 0.024849891662597656 0.019963502883911133
893 0.02586650848388672 0.036667823791503906 0.0181121826171875
894 0.028980731964111328 0.03440356254577637 0.024868011474609375
895 0.006805419921875 0.012031793594360352 0.012255668640136719
896 0.039664506912231445 0.025472402572631836 0.01640152931213379
897 0.02384161949157715 0.0382533073425293 0.0184476375579834
898 0.02565789222717285 0.0057680606842041016 0.02188849449157715
899 0.04217720031738281 0.022904396057128906 0.02145218849182129
900 0.026050090789794922 0.040628910064697266 0.015500783920288086
901 0.023787975311279297 0.018129348754882812 0.02286052703857422
902 0.04043173789978027 0.02307438850402832 0.01773858070373535
903 0.022672414779663086 0.04159140586853027 0.020687341690063477
904 0.023286104202270508 0.025209903717041016 0.01989293098449707
905 0.03632974624633789 0.025424957275390625 0.02104783058166504
906 0.020099163055419922 0.04509282112121582 0.015060663223266602
907 0.028143644332885742 0.025162458419799805 0.02322864532470703
908 0.03697967529296875 0.02420949935913086 0.01964282989501953
909 0.02080845832824707 0.04034709930419922 0.01764678955078125
910 0.02427077293395996 0.0262453556060791 0.01834273338317871
911 0.018997907638549805 0.017346620559692383 0.006966352462768555
912 0.039972782135009766 0.025213241577148438 0.014556407928466797
913 0.017124652862548828 0.045462608337402344 0.02041029930114746
914 0.015557289123535156 0.014516115188598633 0.0217742919921875
915 0.03225588798522949 0.023105144500732422 0.0188901424407959
916 0.0208742618560791 0.03146815299987793 0.02366781234741211
917 0.024228334426879883 0.018140316009521484 0.012723445892333984
918 0.03620100021362305 0.015733003616333008 0.019747018814086914
919 0.02301478385925293 0.03370547294616699 0.014662504196166992
920 0.025316715240478516 0.026545286178588867 0.013334512710571289
921 0.03618335723876953 0.027623653411865234 0.01880025863647461
922 0.022219419479370117 0.04391789436340332 0.016125202178955078
923 0.025196075439453125 0.024019718170166016 0.02153611183166504
924 0.03479313850402832 0.027367115020751953 0.01886272430419922
925 0.01797938346862793 0.037317752838134766 0.016329050064086914
926 0.012164831161499023 0.02190852165222168 0.020125627517700195
927 0.024634361267089844 0.01766037940979004 0.012511253356933594
928 0.03539919853210449 0.024206161499023438 0.01881241798400879
929 0.028244495391845703 0.060096025466918945 0.022092580795288086
930 0.01836681365966797 0.02890801429748535 0.01913762092590332
931 0.0357823371887207 0.022396087646484375 0.024422883987426758
932 0.01759815216064453 0.043442726135253906 0.02223944664001465
933 0.012166738510131836 0.018489360809326172 0.014119625091552734
934 0.031836509704589844 0.019166231155395508 0.018474817276000977
935 0.018349409103393555 0.04047346115112305 0.01717519760131836
936 0.022208213806152344 0.02568364143371582 0.012186765670776367
937 0.025261878967285156 0.02191781997680664 0.017697572708129883
938 0.021307706832885742 0.048130035400390625 0.01793360710144043
939 0.024309158325195312 0.030169248580932617 0.022196531295776367
940 0.0202178955078125 0.024834871292114258 0.017604589462280273
941 0.006936311721801758 0.03717684745788574 0.02515578269958496
942 0.012530326843261719 0.017824411392211914 0.012539863586425781
943 0.016036510467529297 0.02208685874938965 0.014182567596435547
944 0.04295229911804199 0.027784347534179688 0.01643991470336914
945 0.03203463554382324 0.06040382385253906 0.022557497024536133
946 0.02794647216796875 0.02747631072998047 0.023140668869018555
947 0.03345966339111328 0.02266073226928711 0.030904054641723633
948 0.03041243553161621 0.059104204177856445 0.01756596565246582
949 0.025450944900512695 0.027683496475219727 0.015788555145263672
950 0.033269643783569336 0.021805286407470703 0.01978611946105957
951 0.02225804328918457 0.050501108169555664 0.02256035804748535
952 0.029485225677490234 0.028178691864013672 0.01880025863647461
953 0.03814387321472168 0.02397632598876953 0.01820683479309082
954 0.022165775299072266 0.04454445838928223 0.019099712371826172
955 0.022197961807250977 0.02401447296142578 0.01797652244567871
956 0.037447452545166016 0.025185346603393555 0.016329050064086914
957 0.024535417556762695 0.04175734519958496 0.023995637893676758
958 0.012297868728637695 0.013118743896484375 0.0048007965087890625
959 0.01769542694091797 0.021744251251220703 0.008465051651000977
960 0.04632115364074707 0.02480769157409668 0.020923376083374023
961 0.017888307571411133 0.054921627044677734 0.007994413375854492
962 0.029898881912231445 0.024490833282470703 0.022904396057128906
963 0.04161334037780762 0.023473739624023438 0.02091526985168457
964 0.03205537796020508 0.04993796348571777 0.01821303367614746
965 0.023565053939819336 0.02393364906311035 0.013782024383544922
966 0.03482317924499512 0.025368928909301758 0.0157620906829834
967 0.024367570877075195 0.04637646675109863 0.018548965454101562
968 0.03140425682067871 0.025481462478637695 0.017876148223876953
969 0.017105817794799805 0.027401447296142578 0.019611597061157227
970 0.0231783390045166 0.04622936248779297 0.020473957061767578
971 0.02230215072631836 0.02422618865966797 0.015186309814453125
972 0.012492895126342773 0.022841453552246094 0.007058858871459961
973 0.0181121826171875 0.030289649963378906 0.01819443702697754
974 0.022832632064819336 0.020860910415649414 0.01812577247619629
975 0.012255668640136719 0.012047290802001953 0.012343168258666992
976 0.045458316802978516 0.023501157760620117 0.02027273178100586
977 0.026388883590698242 0.036527156829833984 0.027284622192382812
978 0.01913762092590332 0.0305178165435791 0.018924713134765625
979 0.041548728942871094 0.022973060607910156 0.013376951217651367
980 0.031050682067871094 0.04742741584777832 0.015345335006713867
981 0.024045228958129883 0.021662235260009766 0.01980423927307129
982 0.03396320343017578 0.026222944259643555 0.018815040588378906
983 0.022258520126342773 0.04849600791931152 0.02055644989013672
984 0.02529168128967285 0.02859663963317871 0.021274566650390625
985 0.028255701065063477 0.02913975715637207 0.022857189178466797
986 0.0255124568939209 0.04760241508483887 0.023502826690673828
987 0.024198532104492188 0.02201390266418457 0.01797652244567871
988 0.033255577087402344 0.027072906494140625 0.02025604248046875
989 0.02330923080444336 0.038166046142578125 0.022481918334960938
990 0.01853203773498535 0.012309551239013672 0.011904716491699219
991 0.015169143676757812 0.012044906616210938 0.012205123901367188
992 0.04516434669494629 0.03469538688659668 0.018476247787475586
993 0.02116990089416504 0.05438971519470215 0.0209047794342041
994 0.021330595016479492 0.024222612380981445 0.019949913024902344
995 0.04807686805725098 0.02804398536682129 0.029955148696899414
996 0.02501988410949707 0.048813581466674805 0.020427942276000977
997 0.01660323143005371 0.027529239654541016 0.016602754592895508
998 0.02455878257751465 0.006831169128417969 0.01562976837158203
999 0.02174067497253418 0.03239631652832031 0.011553049087524414
