0 0.002003192901611328 0.004012346267700195 0.0
1 0.002003908157348633 0.0 0.002003192901611328
2 0.009755611419677734 0.0022161006927490234 0.002003908157348633
3 0.0 0.004845380783081055 0.0
4 0.0019996166229248047 0.0020079612731933594 0.0
5 0.0 0.0 0.0
6 0.001127004623413086 0.0 0.0
7 0.0020058155059814453 0.0020055770874023438 0.002004861831665039
8 0.0020046234130859375 0.002007722854614258 0.0020072460174560547
9 0.002003908157348633 0.002003192901611328 0.0020051002502441406
10 0.0022161006927490234 0.002003908157348633 0.0020051002502441406
11 0.004845380783081055 0.0036869049072265625 0.0010046958923339844
12 0.0020079612731933594 0.0 0.0
13 0.0 0.01314234733581543 0.0023946762084960938
14 0.0 0.009874105453491211 0.0
15 0.006776094436645508 0.0 0.004530429840087891
16 0.0020046234130859375 0.0040149688720703125 0.0020055770874023438
17 0.0020051002502441406 0.0020046234130859375 0.0017464160919189453
18 0.0020051002502441406 0.0020051002502441406 0.0020055770874023438
19 0.00200653076171875 0.002004861831665039 0.0
20 0.004809856414794922 0.0020062923431396484 0.002004861831665039
21 0.0 0.004452943801879883 0.002004384994506836
22 0.006834745407104492 0.0005033016204833984 0.004010677337646484
23 0.0 0.0045278072357177734 0.002004861831665039
24 0.0020046234130859375 0.0040149688720703125 0.0020055770874023438
25 0.0 0.0061109066009521484 0.0020055770874023438
26 0.0020055770874023438 0.002012014389038086 0.0
27 0.0 0.0037529468536376953 0.0020055770874023438
28 0.002004861831665039 0.002006053924560547 0.0020055770874023438
29 0.004452943801879883 0.004007816314697266 0.0020055770874023438
30 0.0025081634521484375 0.002005338668823242 0.002005338668823242
31 0.0017387866973876953 0.002004861831665039 0.002004861831665039
32 0.0020046234130859375 0.0040149688720703125 0.0020055770874023438
33 0.0020051002502441406 0.003751039505004883 0.0
34 0.004010200500488281 0.0020055770874023438 0.002012014389038086
35 0.0 0.0037529468536376953 0.0020055770874023438
36 0.002004861831665039 0.002006053924560547 0.0028073787689208984
37 0.002004384994506836 0.0020034313201904297 0.0020055770874023438
38 0.0025081634521484375 0.002005338668823242 0.002005338668823242
39 0.002789020538330078 0.0037436485290527344 0.002004861831665039
40 0.0020046234130859375 0.0040149688720703125 0.0020055770874023438
41 0.0 0.0061109066009521484 0.0020055770874023438
42 0.0 0.0 0.0057926177978515625
43 0.0037529468536376953 0.0020055770874023438 0.0
44 0.002006053924560547 0.0028073787689208984 0.0
45 0.0020055770874023438 0.004010677337646484 0.001127004623413086
46 0.0020058155059814453 0.0020055770874023438 0.002004861831665039
47 0.0 0.005894899368286133 0.0
48 0.0020046234130859375 0.0040149688720703125 0.0
49 0.0020051002502441406 0.003751039505004883 0.0
50 0.0020051002502441406 0.0020051002502441406 0.0020055770874023438
51 0.0037529468536376953 0.0020055770874023438 0.0
52 0.002006053924560547 0.0028073787689208984 0.0
53 0.0020055770874023438 0.004010677337646484 0.001127004623413086
54 0.0020058155059814453 0.0020058155059814453 0.0020055770874023438
55 0.002004861831665039 0.0 0.0
56 0.0020046234130859375 0.0040149688720703125 0.0020055770874023438
57 0.0 0.008116483688354492 0.0
58 0.0 0.007798671722412109 0.0
59 0.004931926727294922 0.0010051727294921875 0.0009887218475341797
60 0.0028073787689208984 0.0 0.0
61 0.0020055770874023438 0.002004861831665039 0.0020058155059814453
62 0.0020058155059814453 0.0020058155059814453 0.0020055770874023438
63 0.0017387866973876953 0.004009723663330078 0.0
64 0.0020046234130859375 0.0040149688720703125 0.0020055770874023438
65 0.0 0.0061109066009521484 0.0020055770874023438
66 0.001739501953125 0.0 0.0
67 0.0 0.0037529468536376953 0.0020055770874023438
68 0.002006053924560547 0.0020055770874023438 0.0008018016815185547
69 0.002004384994506836 0.0040090084075927734 0.002004861831665039
70 0.002005338668823242 0.002005338668823242 0.0020058155059814453
71 0.0045278072357177734 0.002004861831665039 0.002004861831665039
72 0.0020046234130859375 0.0040149688720703125 0.0020055770874023438
73 0.0 0.0061109066009521484 0.0020055770874023438
74 0.0 0.0057926177978515625 0.002006053924560547
75 0.0017139911651611328 0.0020678043365478516 0.0010025501251220703
76 0.0 0.0 0.0
77 0.002004861831665039 0.0031328201293945312 0.0
78 0.0020058155059814453 0.0020055770874023438 0.002004861831665039
79 0.0 0.0 0.0
80 0.0020046234130859375 0.0040149688720703125 0.0020055770874023438
81 0.0020051002502441406 0.0020046234130859375 0.0017464160919189453
82 0.0020051002502441406 0.0020051002502441406 0.0020055770874023438
83 0.002004861831665039 0.0037529468536376953 0.0020055770874023438
84 0.002004861831665039 0.004011631011962891 0.0008018016815185547
85 0.004452943801879883 0.004007816314697266 0.0020055770874023438
86 0.0005033016204833984 0.004010677337646484 0.0
87 0.0045278072357177734 0.002004861831665039 0.002004861831665039
88 0.0020046234130859375 0.0040149688720703125 0.0020055770874023438
89 0.0 0.0061109066009521484 0.0020055770874023438
90 0.0 0.0057926177978515625 0.002006053924560547
91 0.0 0.005937099456787109 0.0020678043365478516
92 0.0 0.0 0.0
93 0.001127004623413086 0.0 0.0
94 0.0020058155059814453 0.0020055770874023438 0.002004861831665039
95 0.0 0.005894899368286133 0.0
96 0.0020046234130859375 0.0040149688720703125 0.0020055770874023438
97 0.0 0.0 0.0061109066009521484
98 0.004010677337646484 0.002012014389038086 0.001739501953125
99 0.002004861831665039 0.0037529468536376953 0.0020055770874023438
100 0.0020062923431396484 0.002004861831665039 0.002006053924560547
101 0.0 0.006457328796386719 0.0020034313201904297
102 0.004829883575439453 0.0025081634521484375 0.002005338668823242
103 0.004530429840087891 0.002789020538330078 0.0017387866973876953
104 0.002006053924560547 0.0028073787689208984 0.0
105 0.004010677337646484 0.001127004623413086 0.0
106 0.0020058155059814453 0.0020055770874023438 0.0
107 0.002004861831665039 0.0 0.0
108 0.0022025108337402344 0.0 0.0
109 0.0020117759704589844 0.0037462711334228516 0.0
110 0.002004384994506836 0.0020041465759277344 0.002005338668823242
111 0.0 0.0 0.0063283443450927734
112 0.002004861831665039 0.0 0.0
113 0.006211757659912109 0.0 0.0
114 0.002736806869506836 0.004375457763671875 0.0020074844360351562
115 0.004010438919067383 0.0017457008361816406 0.0
116 0.0063283443450927734 0.002005338668823242 0.0020041465759277344
117 0.002004861831665039 0.002005338668823242 0.0020046234130859375
118 0.002004861831665039 0.0020046234130859375 0.0020046234130859375
119 0.014181852340698242 0.0017397403717041016 0.002004384994506836
120 0.002004384994506836 0.002780437469482422 0.0020051002502441406
121 0.0 0.013574838638305664 0.0010063648223876953
122 0.0 0.004746675491333008 0.0
123 0.0 0.0 0.0
124 0.002004861831665039 0.004010438919067383 0.0
125 0.004010677337646484 0.0 0.0017464160919189453
126 0.0 0.00810098648071289 0.0
127 0.002004384994506836 0.0 0.0
128 0.004221916198730469 0.0 0.0036842823028564453
129 0.010046005249023438 0.0020117759704589844 0.0037462711334228516
130 0.006151676177978516 0.00400853157043457 0.0
131 0.0 0.0 0.0063283443450927734
132 0.0029532909393310547 0.002004861831665039 0.002005338668823242
133 0.011525392532348633 0.0040111541748046875 0.0
134 0.0 0.0 0.014181852340698242
135 0.0 0.0 0.0
136 0.004221916198730469 0.0 0.0036842823028564453
137 0.020602941513061523 0.0020101070404052734 0.00201416015625
138 0.0020055770874023438 0.0 0.0
139 0.0 0.0 0.0
140 0.004010438919067383 0.0 0.0
141 0.0020055770874023438 0.0017464160919189453 0.0020046234130859375
142 0.0 0.0 0.00810098648071289
143 0.002004384994506836 0.0 0.0
144 0.0 0.0036842823028564453 0.0020046234130859375
145 0.013797521591186523 0.0033659934997558594 0.0020074844360351562
146 0.0020051002502441406 0.0017457008361816406 0.0
147 0.0063283443450927734 0.002005338668823242 0.0020041465759277344
148 0.002004861831665039 0.00400996208190918 0.0020051002502441406
149 0.0020046234130859375 0.0020046234130859375 0.0020041465759277344
150 0.0040090084075927734 0.0020055770874023438 0.002004384994506836
151 0.0020046234130859375 0.003433704376220703 0.00099945068359375
152 0.0036842823028564453 0.0020046234130859375 0.0020046234130859375
153 0.012788057327270508 0.0010094642639160156 0.0033659934997558594
154 0.002005338668823242 0.0020051002502441406 0.0017457008361816406
155 0.0063283443450927734 0.002005338668823242 0.0020041465759277344
156 0.002004861831665039 0.00400996208190918 0.0020051002502441406
157 0.002004861831665039 0.0020046234130859375 0.0020046234130859375
158 0.014181852340698242 0.0017397403717041016 0.002004384994506836
159 0.0020051002502441406 0.0020046234130859375 0.0020051002502441406
160 0.0036842823028564453 0.004009246826171875 0.0022025108337402344
161 0.013148307800292969 0.0020074844360351562 0.0
162 0.0017457008361816406 0.0 0.0
163 0.0020041465759277344 0.002004861831665039 0.0
164 0.00400996208190918 0.0020051002502441406 0.0020055770874023438
165 0.0 0.0 0.0
166 0.0020055770874023438 0.002004384994506836 0.0
167 0.004818916320800781 0.0020051002502441406 0.001999378204345703
168 0.0036842823028564453 0.0020046234130859375 0.003009319305419922
169 0.013797521591186523 0.0 0.0033659934997558594
170 0.002005338668823242 0.0020051002502441406 0.0017457008361816406
171 0.0063283443450927734 0.002005338668823242 0.0020041465759277344
172 0.002004861831665039 0.002005338668823242 0.0020046234130859375
173 0.002004861831665039 0.004009246826171875 0.0020041465759277344
174 0.0020046234130859375 0.0020055770874023438 0.002004384994506836
175 0.002433300018310547 0.0019998550415039062 0.0010004043579101562
176 0.0020046234130859375 0.003009319305419922 0.00119781494140625
177 0.013148307800292969 0.0020074844360351562 0.0
178 0.0020051002502441406 0.0017457008361816406 0.0
179 0.0063283443450927734 0.0040094852447509766 0.002004861831665039
180 0.002005338668823242 0.0020046234130859375 0.0020051002502441406
181 0.004009246826171875 0.0020041465759277344 0.0
182 0.0020046234130859375 0.00400996208190918 0.0
183 0.0014286041259765625 0.0019998550415039062 0.0014011859893798828
184 0.003009319305419922 0.00119781494140625 0.0
185 0.013148307800292969 0.0020074844360351562 0.0
186 0.0020051002502441406 0.0017457008361816406 0.0
187 0.002005338668823242 0.0020041465759277344 0.0
188 0.002005338668823242 0.0020046234130859375 0.0020051002502441406
189 0.004009246826171875 0.0020041465759277344 0.0
190 0.0020046234130859375 0.0020055770874023438 0.002004384994506836
191 0.002433300018310547 0.0019998550415039062 0.0020864009857177734
192 0.0022025108337402344 0.0 0.0
193 0.011131525039672852 0.0 0.0
194 0.0 0.0 0.0
195 0.0020041465759277344 0.002004861831665039 0.0
196 0.0020046234130859375 0.0020051002502441406 0.0020055770874023438
197 0.0 0.0 0.0
198 0.0020055770874023438 0.002004384994506836 0.0
199 0.0014011859893798828 0.0 0.004818916320800781
200 0.0022025108337402344 0.0 0.0
201 0.011131525039672852 0.0 0.004746675491333008
202 0.0 0.0 0.0
203 0.002004861831665039 0.0020055770874023438 0.002004861831665039
204 0.004009723663330078 0.0020055770874023438 0.0
205 0.0 0.0 0.0
206 0.0020055770874023438 0.002004384994506836 0.0
207 0.0 0.005824089050292969 0.0019998550415039062
208 0.00119781494140625 0.0 0.0
209 0.009119749069213867 0.004746675491333008 0.0
210 0.0 0.0 0.0
211 0.002004861831665039 0.0020055770874023438 0.002004861831665039
212 0.0020055770874023438 0.0017464160919189453 0.0020046234130859375
213 0.0 0.0 0.00810098648071289
214 0.002004384994506836 0.0 0.0
215 0.005824089050292969 0.0019998550415039062 0.00099945068359375
216 0.0017457008361816406 0.0 0.0
217 0.0020041465759277344 0.002004861831665039 0.0020055770874023438
218 0.0020046234130859375 0.0020051002502441406 0.0020055770874023438
219 0.0 0.0 0.0
220 0.0020046234130859375 0.0020055770874023438 0.002004384994506836
221 0.0014286041259765625 0.003401041030883789 0.0
222 0.0 0.0031843185424804688 0.0020036697387695312
223 0.0020051002502441406 0.002004384994506836 0.0020046234130859375
224 0.0 0.011865615844726562 0.0011222362518310547
225 0.0 0.0 0.011525392532348633
226 0.0 0.0 0.0
227 0.0 0.0 0.0
228 0.005824089050292969 0.0029993057250976562 0.0010006427764892578
229 0.003190279006958008 0.0020051002502441406 0.001674652099609375
230 0.003223419189453125 0.0020034313201904297 0.0
231 0.008719205856323242 0.004008054733276367 0.0
232 0.009210586547851562 0.0020051002502441406 0.0020046234130859375
233 0.001999378204345703 0.0010008811950683594 0.0009980201721191406
234 0.0009999275207519531 0.0019996166229248047 0.0
235 0.0 0.0 0.0
236 0.002543210983276367 0.0006897449493408203 0.0
237 0.0020041465759277344 0.0020055770874023438 0.002005338668823242
238 0.0020041465759277344 0.00400853157043457 0.0
239 0.0017402172088623047 0.0 0.0
240 0.004818916320800781 0.0030050277709960938 0.00099945068359375
241 0.0011851787567138672 0.0036797523498535156 0.0019998550415039062
242 0.0 0.0 0.0
243 0.0 0.0 0.0
244 0.0020055770874023438 0.0 0.002005338668823242
245 0.0020036697387695312 0.002004861831665039 0.0020041465759277344
246 0.0017402172088623047 0.0 0.0
247 0.0 0.0 0.0
248 0.0030050277709960938 0.002000093460083008 0.002074003219604492
249 0.0011851787567138672 0.002674579620361328 0.0020051002502441406
250 0.0020034313201904297 0.0 0.0
251 0.0020034313201904297 0.0032329559326171875 0.0
252 0.0020041465759277344 0.0020055770874023438 0.002005338668823242
253 0.0020036697387695312 0.002004861831665039 0.0020041465759277344
254 0.0017402172088623047 0.0 0.0
255 0.0 0.0 0.0
256 0.0030050277709960938 0.002000093460083008 0.002074003219604492
257 0.0020051002502441406 0.001674652099609375 0.0009999275207519531
258 0.0 0.0 0.0
259 0.002543210983276367 0.0006897449493408203 0.0
260 0.0020041465759277344 0.0020055770874023438 0.002005338668823242
261 0.0020041465759277344 0.0020036697387695312 0.002004861831665039
262 0.0073735713958740234 0.0 0.0035517215728759766
263 0.0 0.0 0.0
264 0.002074003219604492 0.001999378204345703 0.0010008811950683594
265 0.0019998550415039062 0.0009996891021728516 0.0009996891021728516
266 0.0 0.0 0.0
267 0.0 0.0 0.0
268 0.0020055770874023438 0.002005338668823242 0.0
269 0.0 0.0037856101989746094 0.0010001659393310547
270 0.0017402172088623047 0.0 0.0
271 0.0 0.010787248611450195 0.0
272 0.0010008811950683594 0.0020570755004882812 0.0
273 0.0009999275207519531 0.001999378204345703 0.0009999275207519531
274 0.0 0.0 0.0
275 0.0 0.0 0.0
276 0.002005338668823242 0.0 0.0
277 0.002004861831665039 0.0020041465759277344 0.0006747245788574219
278 0.0017402172088623047 0.0 0.0
279 0.0 0.0 0.0
280 0.005151033401489258 0.0 0.0031843185424804688
281 0.0 0.007535696029663086 0.0020051002502441406
282 0.0 0.0 0.013580799102783203
283 0.0 0.0 0.0
284 0.0020055770874023438 0.002005338668823242 0.0
285 0.002004861831665039 0.0020041465759277344 0.0006747245788574219
286 0.0017402172088623047 0.0 0.0
287 0.0 0.0 0.0
288 0.005151033401489258 0.0031843185424804688 0.0020036697387695312
289 0.0020051002502441406 0.002004384994506836 0.0020046234130859375
290 0.0 0.0 0.008719205856323242
291 0.0006282329559326172 0.0050506591796875 0.0
292 0.00061798095703125 0.0027475357055664062 0.0
293 0.0 0.0 0.0073735713958740234
294 0.0 0.0 0.016347408294677734
295 0.0 0.0 0.015646934509277344
296 0.005151033401489258 0.0031843185424804688 0.0020036697387695312
297 0.007535696029663086 0.0020051002502441406 0.002004384994506836
298 0.013580799102783203 0.0 0.0
299 0.0 0.0 0.0
300 0.0 0.0 0.0
301 0.002004861831665039 0.0026788711547851562 0.0011067390441894531
302 0.0017402172088623047 0.0 0.0
303 0.0 0.0 0.0
304 0.0031843185424804688 0.0020036697387695312 0.002004861831665039
305 0.0020046234130859375 0.0024785995483398438 0.0007448196411132812
306 0.008719205856323242 0.004008054733276367 0.0
307 0.002004861831665039 0.002004384994506836 0.0020041465759277344
308 0.0027475357055664062 0.0 0.0040776729583740234
309 0.0073735713958740234 0.0 0.0035517215728759766
310 0.0 0.0 0.0
311 0.0 0.0040476322174072266 0.002081632614135742
312 0.00400853157043457 0.0020051002502441406 0.0011851787567138672
313 0.0020046234130859375 0.0024785995483398438 0.002748250961303711
314 0.008719205856323242 0.004008054733276367 0.0
315 0.0024302005767822266 0.0026204586029052734 0.002004861831665039
316 0.01649951934814453 0.0027475357055664062 0.0
317 0.003413677215576172 0.0 0.0
318 0.0 0.0 0.0
319 0.0 0.0 0.0
320 0.002004861831665039 0.003190279006958008 0.0020051002502441406
321 0.0020046234130859375 0.003223419189453125 0.0020034313201904297
322 0.008719205856323242 0.004008054733276367 0.0
323 0.002004861831665039 0.002004384994506836 0.0020041465759277344
324 0.0 0.0040776729583740234 0.0020041465759277344
325 0.0073735713958740234 0.0035517215728759766 0.0017402172088623047
326 0.0 0.0 0.0
327 0.0 0.004060983657836914 0.0
328 0.003190279006958008 0.0020051002502441406 0.001674652099609375
329 0.003223419189453125 0.0020034313201904297 0.0
330 0.0020046234130859375 0.0020034313201904297 0.002543210983276367
331 0.002004861831665039 0.00400853157043457 0.0020055770874023438
332 0.0040776729583740234 0.004007816314697266 0.0
333 0.0073735713958740234 0.0035517215728759766 0.0017402172088623047
334 0.0 0.0 0.0
335 0.0 0.0040476322174072266 0.002081632614135742
336 0.003190279006958008 0.002674579620361328 0.0010051727294921875
337 0.003223419189453125 0.0020034313201904297 0.0
338 0.0020034313201904297 0.002543210983276367 0.0006897449493408203
339 0.002004861831665039 0.00400853157043457 0.0020055770874023438
340 0.0 0.006081819534301758 0.0020036697387695312
341 0.0073735713958740234 0.0035517215728759766 0.0017402172088623047
342 0.0 0.0 0.010787248611450195
343 0.002081632614135742 0.0 0.004852294921875
344 0.0 0.008719205856323242 0.0020046234130859375
345 0.005678892135620117 0.002004861831665039 0.002004384994506836
346 0.0027475357055664062 0.0 0.0040776729583740234
347 0.0 0.0073735713958740234 0.0035517215728759766
348 0.0 0.0039103031158447266 0.0
349 0.016373872756958008 0.0 0.004060983657836914
350 0.0 0.0 0.0
351 0.0 0.0 0.0
352 0.004009246826171875 0.0020041465759277344 0.0020055770874023438
353 0.0 0.006081819534301758 0.0
354 0.0073735713958740234 0.0 0.0035517215728759766
355 0.0 0.0 0.0
356 0.0 0.0040476322174072266 0.002081632614135742
357 0.002005338668823242 0.0008618831634521484 0.0
358 0.0008914470672607422 0.003374338150024414 0.00098419189453125
359 0.014973163604736328 0.0023794174194335938 0.0020046234130859375
360 0.0 0.010787248611450195 0.0
361 0.002081632614135742 0.0 0.0
362 0.002005338668823242 0.0008618831634521484 0.0
363 0.003374338150024414 0.0029876232147216797 0.0
364 0.008342504501342773 0.0 0.0
365 0.0020062923431396484 0.0020058155059814453 0.0020530223846435547
366 0.002142190933227539 0.0020051002502441406 0.0
367 0.0 0.003507375717163086 0.0
368 0.004060983657836914 0.0 0.0040476322174072266
369 0.0 0.0 0.0
370 0.0 0.0 0.0
371 0.0 0.0 0.0
372 0.0070934295654296875 0.0 0.0
373 0.003481626510620117 0.0007281303405761719 0.0
374 0.0 0.008263111114501953 0.00179290771484375
375 0.010817766189575195 0.007943153381347656 0.0
376 0.0040476322174072266 0.002081632614135742 0.0
377 0.006848812103271484 0.0028672218322753906 0.0
378 0.0008914470672607422 0.004358530044555664 0.0020034313201904297
379 0.014973163604736328 0.0023794174194335938 0.0020046234130859375
380 0.016013622283935547 0.0020041465759277344 0.0014567375183105469
381 0.002002716064453125 0.0 0.0025773048400878906
382 0.0 0.010053157806396484 0.0
383 0.000896453857421875 0.0 0.0
384 0.002081632614135742 0.0 0.0
385 0.0028672218322753906 0.006139516830444336 0.0
386 0.002003908157348633 0.0 0.004584312438964844
387 0.0 0.006337881088256836 0.0
388 0.0020058155059814453 0.0020530223846435547 0.004209756851196289
389 0.0 0.0 0.008263111114501953
390 0.0 0.0 0.010817766189575195
391 0.008034944534301758 0.0 0.0
392 0.004852294921875 0.0 0.0
393 0.0 0.0 0.006139516830444336
394 0.002003908157348633 0.0036940574645996094 0.0008902549743652344
395 0.006337881088256836 0.0 0.004960060119628906
396 0.006262779235839844 0.0 0.007761955261230469
397 0.0 0.0 0.0
398 0.002834320068359375 0.002186298370361328 0.0
399 0.0059435367584228516 0.0024526119232177734 0.0020055770874023438
400 0.004852294921875 0.0 0.0
401 0.0008618831634521484 0.0 0.0
402 0.002003908157348633 0.0 0.004584312438964844
403 0.0 0.0 0.006337881088256836
404 0.013007640838623047 0.0007281303405761719 0.0
405 0.0 0.008263111114501953 0.00179290771484375
406 0.010817766189575195 0.003751993179321289 0.002004861831665039
407 0.0059435367584228516 0.0024526119232177734 0.0020055770874023438
408 0.004852294921875 0.0 0.0
409 0.0008618831634521484 0.0 0.0
410 0.00098419189453125 0.0040073394775390625 0.0
411 0.0020046234130859375 0.0 0.0
412 0.011731147766113281 0.0 0.004209756851196289
413 0.0020051002502441406 0.0 0.0
414 0.0 0.0 0.0
415 0.0 0.0 0.0
416 0.0 0.004852294921875 0.0
417 0.0028672218322753906 0.0 0.0
418 0.0 0.004358530044555664 0.0020034313201904297
419 0.0020046234130859375 0.0 0.006337881088256836
420 0.011731624603271484 0.0 0.007761955261230469
421 0.00179290771484375 0.0 0.0
422 0.003294706344604492 0.000896453857421875 0.0
423 0.0 0.0 0.0
424 0.0 0.0 0.0
425 0.0 0.0 0.006139516830444336
426 0.002003908157348633 0.0036940574645996094 0.0008902549743652344
427 0.0 0.006337881088256836 0.0
428 0.011731624603271484 0.0 0.0
429 0.007577180862426758 0.0024788379669189453 0.0
430 0.0 0.005756855010986328 0.0012898445129394531
431 0.0059435367584228516 0.0024526119232177734 0.0020055770874023438
432 0.0 0.0 0.0
433 0.0 0.0 0.006139516830444336
434 0.002003908157348633 0.004584312438964844 0.0
435 0.006337881088256836 0.0 0.0
436 0.010274887084960938 0.0 0.007761955261230469
437 0.00179290771484375 0.0 0.0
438 0.003751993179321289 0.003294706344604492 0.000896453857421875
439 0.0059435367584228516 0.0024526119232177734 0.0020055770874023438
440 0.0 0.01567816734313965 0.0
441 0.0 0.0 0.0
442 0.0 0.004584312438964844 0.0
443 0.006337881088256836 0.0 0.0
444 0.008268594741821289 0.0 0.007761955261230469
445 0.00179290771484375 0.0 0.0
446 0.002004861831665039 0.002186298370361328 0.0
447 0.0020055770874023438 0.0 0.0
448 0.0 0.006848812103271484 0.0028672218322753906
449 0.01595759391784668 0.0009982585906982422 0.0028061866760253906
450 0.0 0.0 0.0
451 0.0 0.004960060119628906 0.0021333694458007812
452 0.011971712112426758 0.0029959678649902344 0.0
453 0.0 0.0 0.0
454 0.002186298370361328 0.0 0.0
455 0.0 0.0 0.0
456 0.0 0.008854150772094727 0.0008618831634521484
457 0.016955852508544922 0.0028061866760253906 0.0
458 0.0 0.0 0.0
459 0.0021333694458007812 0.0 0.0
460 0.00849008560180664 0.0029959678649902344 0.0
461 0.0 0.0 0.0
462 0.002186298370361328 0.0 0.0
463 0.0020055770874023438 0.0 0.0
464 0.0028672218322753906 0.0 0.0
465 0.004358530044555664 0.0020034313201904297 0.002003908157348633
466 0.0020046234130859375 0.0 0.0
467 0.0020041465759277344 0.0034630298614501953 0.0
468 0.006586551666259766 0.002142190933227539 0.0020051002502441406
469 0.002003908157348633 0.0015032291412353516 0.0020041465759277344
470 0.0 0.0 0.0
471 0.0 0.0 0.0
472 0.0036940574645996094 0.0008902549743652344 0.0
473 0.0 0.0 0.004960060119628906
474 0.0 0.004058837890625 0.0
475 0.0 0.0 0.008263111114501953
476 0.0 0.0 0.010817766189575195
477 0.0 0.008034944534301758 0.0
478 0.0 0.0 0.012941122055053711
479 0.0 0.0 0.015906095504760742
480 0.011085271835327148 0.002723217010498047 0.0022051334381103516
481 0.002002716064453125 0.0 0.0025773048400878906
482 0.0 0.0 0.0
483 0.002186298370361328 0.0 0.0
484 0.0 0.0 0.0
485 0.0 0.0 0.0
486 0.0019948482513427734 0.0009925365447998047 0.0010004043579101562
487 0.0 0.0 0.0
488 0.0 0.0 0.0
489 0.0 0.0 0.0
490 0.0 0.0 0.0
491 0.0009949207305908203 0.0009999275207519531 0.0009925365447998047
492 0.0 0.0 0.0
493 0.0025701522827148438 0.0 0.0
494 0.0 0.0 0.0
495 0.0 0.0 0.0
496 0.0024526119232177734 0.0020055770874023438 0.0
497 0.0 0.0 0.0
498 0.0 0.006523847579956055 0.0009949207305908203
